7.000000 6.000000
5.000000 13.500000
10.000000 60.000000
4.600000 25.000000
14.100000 45.000000
12.500000 14.000000
2.500000 55.000000
6.000000 24.000000
2.500000 85.000000
7.800000 36.500000
3.500000 26.000000
10.000000 25.000000
2.500000 165.000000
7.000000 6.000000
5.000000 13.500000
10.000000 60.000000
4.600000 25.000000
14.100000 45.000000
12.500000 14.000000
2.500000 55.000000
6.000000 24.000000
2.500000 85.000000
7.800000 36.500000
3.500000 26.000000
10.000000 25.000000
2.500000 165.000000
2.400000 58.500000
0.500000 119.500000
3.300000 39.000000
2.800000 196.499900
5.900000 142.500000
0.450000 97.500000
17.590000 119.000000
1.450000 93.000000
1.500000 52.500000
5.000000 173.500000
3.380000 137.500000
13.040000 45.000000
5.000000 90.000000
8.000000 130.000000
1.000000 140.000000
11.900000 85.000000
6.000000 22.999900
7.580000 155.000000
7.800000 125.000000
4.000000 62.500000
5.000000 105.000000
7.400000 56.000000
6.400000 29.000000
6.000000 27.500000
12.000000 41.100000
7.900000 15.000000
1.500000 50.000000
8.000000 10.000000
1.850000 72.500000
1.020000 40.100000
2.900000 75.000000
2.800000 31.000000
4.600000 66.500000
7.000000 46.500000
6.000000 16.000000
3.500000 25.000000
9.000000 67.500000
8.000000 30.000000
8.000000 7.000000
7.330000 24.000000
9.200000 52.500000
6.676400 15.100000
10.000000 14.000000
35.000000 28.000000
23.000000 35.000000
6.000000 57.000000
3.100000 30.000000
3.900000 10.000000
12.000000 50.000000
16.600000 12.500000
11.000000 13.000000
3.500000 92.500000
6.000000 75.000000
5.400000 20.000000
6.300000 24.800000
12.000000 45.000000
12.000000 8.000000
7.600000 65.000000
8.000000 45.000000
2.500000 65.000000
1.195800 49.500000
2.000000 37.100000
0.900000 102.500000
0.650000 815.000000
7.000000 75.000000
12.000000 60.000000
5.800000 8.000000
6.220000 32.500000
3.400000 147.000000
5.300000 35.000000
4.900000 280.000000
1.500000 21.000000
5.000000 45.000000
5.300000 115.000000
6.350000 21.000000
0.980000 450.000000
1.300000 275.000000
2.100000 197.500000
2.917300 17.500000
4.800000 250.000000
12.000000 62.800000
10.000000 60.000000
3.000000 39.900000
8.700000 75.000000
1.500000 75.000000
1.600000 31.500000
6.000000 60.000000
6.000000 10.000000
11.000000 25.000000
2.500000 35.000000
6.000000 78.000000
7.935000 43.400000
8.000000 69.000000
9.000000 55.500000
9.000000 12.000000
12.000000 50.000000
6.000000 16.500000
5.000000 9.500000
2.000000 55.000000
11.000000 10.000000
5.000000 10.000000
10.000000 50.000000
7.000000 80.000000
7.000000 84.000000
5.000000 49.000000
8.100000 12.500000
12.000000 40.000000
0.360000 100.000000
1.427200 53.000000
4.921300 84.000000
4.000000 22.999900
4.000000 4.000000
8.000000 13.000000
7.000000 20.000000
7.000000 12.000000
5.700000 7.500000
12.000000 25.000000
3.000000 10.000000
0.324000 28.000000
0.500000 54.000000
1.000000 70.000000
10.000000 52.500000
8.000000 43.000000
7.000000 6.500000
3.500000 80.000000
11.400000 7.500000
5.377200 21.000000
14.000000 19.500000
12.000000 40.000000
6.000000 17.000000
2.500000 22.500000
9.000000 21.000000
12.000000 24.000000
17.500000 30.000000
10.000000 9.900000
3.600000 62.000000
3.000000 50.000000
4.000000 255.000000
7.000000 26.000000
6.000000 55.000000
15.550000 15.000000
5.000000 35.000000
4.000000 32.000000
10.000000 40.000000
8.000000 17.500000
9.000000 12.000000
9.000000 32.000000
11.000000 7.000000
1.500000 81.000000
10.000000 9.500000
4.000000 28.200000
6.000000 8.000000
2.500000 7.200000
2.500000 60.000000
2.300000 64.000000
2.215500 38.000000
7.000000 65.000000
6.000000 15.000000
11.000000 28.000000
3.000000 43.000000
1.500000 80.000000
10.000000 7.500000
7.000000 65.000000
2.400000 39.000000
12.000000 10.000000
3.500000 150.000000
7.838000 17.500000
11.000000 43.499900
9.000000 17.000000
9.000000 19.000000
15.000000 25.000000
23.000000 22.999900
7.000000 14.000000
8.036200 60.000000
11.000000 28.000000
6.000000 15.000000
5.000000 65.000000
4.000000 21.000000
4.000000 290.000000
2.000000 42.500000
5.500000 26.500000
0.113600 89.000000
5.500000 36.500000
4.300000 35.000000
6.000000 68.500000
0.265000 94.000000
4.000000 100.000000
1.500000 115.000000
11.596200 45.000000
6.500000 59.000000
4.000000 80.000000
5.800000 38.500000
1.500000 200.000000
5.400000 23.500000
5.600000 64.000000
12.000000 5.200000
9.000000 8.000000
7.000000 14.000000
9.000000 12.000000
21.300000 8.999900
12.000000 18.000000
2.000000 150.000000
1.000000 70.000000
8.000000 28.500000
9.000000 39.000000
8.000000 12.500000
6.000000 22.500000
13.900000 17.500000
16.000000 107.500000
15.000000 30.000000
16.300000 70.000000
12.000000 9.000000
12.000000 12.000000
10.000000 22.000000
14.000000 30.000000
8.700000 18.000000
7.000000 17.000000
5.000000 30.000000
7.000000 105.000000
15.000000 30.000000
2.500000 46.500000
8.000000 13.000000
1.000000 43.499900
3.200000 50.000000
1.000000 20.000000
5.200000 62.500000
12.000000 11.000000
1.124000 80.000000
6.600000 49.000000
6.400000 88.000000
4.900000 29.000000
10.000000 11.599900
2.650000 36.000000
10.000000 6.500000
7.200000 68.500000
5.000000 30.000000
4.400000 68.000000
6.000000 100.000000
12.000000 10.000000
13.000000 16.000000
7.000000 45.000000
2.000000 60.000000
6.000000 18.000000
19.500000 10.000000
9.000000 12.000000
8.000000 13.000000
15.500000 16.000000
3.500000 86.000000
2.000000 65.000000
8.000000 10.000000
2.000000 28.200000
5.000000 30.000000
11.000000 27.000000
2.900000 55.000000
12.000000 45.000000
7.000000 43.000000
4.000000 35.000000
2.000000 35.000000
5.000000 22.999900
5.000000 11.000000
4.900000 39.500000
7.000000 65.000000
9.000000 35.000000
2.500000 140.000000
0.400000 36.000000
1.000000 130.000000
1.500000 80.000000
3.000000 22.999900
4.100000 31.500000
2.800000 12.500000
1.600000 70.000000
7.000000 16.000000
1.083200 53.000000
1.468100 62.400000
5.000000 25.000000
5.100000 58.500000
2.500000 50.000000
3.000000 35.000000
8.000000 49.500000
5.000000 50.000000
20.000000 43.000000
4.400000 34.500000
1.000000 50.000000
1.960000 42.500000
4.000000 8.000000
5.000000 10.600000
4.673000 18.000000
4.000000 25.000000
8.000000 35.000000
8.000000 6.000000
2.400000 90.000000
2.117000 70.000000
16.722300 200.000000
4.000000 100.000000
6.000000 137.500000
14.144000 180.000000
12.000000 16.000000
14.000000 52.500000
21.281400 85.000000
3.000000 80.000000
8.863500 70.000000
2.500000 80.000000
2.000000 57.500000
11.000000 35.000000
12.000000 25.000000
14.967400 60.000000
10.000000 37.000000
12.000000 8.000000
12.000000 5.000000
2.500000 90.000000
3.500000 30.000000
4.000000 12.500000
6.000000 49.000000
5.000000 30.000000
2.500000 5.500000
2.500000 35.000000
0.800000 75.500000
6.000000 72.000000
20.000000 22.999900
2.000000 110.000000
10.000000 40.000000
7.000000 35.000000
6.800000 15.900000
3.800000 55.000000
8.000000 33.500000
7.200000 18.500000
7.500000 22.999900
4.300000 22.500000
12.000000 25.000000
10.000000 40.000000
16.300000 47.000000
2.500000 30.000000
2.500000 14.500000
9.000000 10.000000
7.000000 50.000000
9.800000 13.000000
8.192500 24.000000
8.000000 15.000000
4.000000 27.000000
9.000000 40.000000
4.600000 20.000000
8.000000 55.000000
3.500000 32.500000
8.208000 86.000000
20.000000 60.000000
7.000000 12.500000
4.000000 6.000000
12.000000 30.000000
6.000000 19.000000
11.000000 40.000000
9.700000 26.000000
3.000000 40.000000
4.000000 25.000000
1.000000 60.000000
5.204700 17.500000
20.000000 45.000000
1.500000 35.000000
5.000000 80.000000
7.000000 25.000000
1.000000 60.000000
9.000000 60.000000
4.000000 13.000000
6.200900 9.000000
3.310000 59.500000
4.000000 19.000000
12.000000 5.000000
8.000000 9.500000
7.000000 100.000000
22.000000 22.000000
5.000000 40.000000
4.500000 31.500000
11.000000 100.000000
4.900000 50.000000
3.500000 160.000000
16.000000 50.000000
18.000000 7.000000
6.000000 10.500000
11.000000 40.000000
6.000000 8.000000
3.000000 30.000000
4.000000 40.999900
7.000000 25.000000
12.000000 25.000000
8.000000 21.500000
12.000000 140.000000
2.000000 47.500000
2.200000 47.500000
3.500000 7.500000
12.000000 20.000000
0.800000 57.500000
4.000000 15.000000
1.000000 85.000000
3.000000 35.000000
5.400000 55.000000
8.057700 33.000000
2.500000 104.499900
12.750000 30.000000
4.090300 23.500000
6.000000 12.000000
4.600000 13.000000
2.228800 27.500000
18.000000 27.000000
3.000000 50.000000
6.169000 40.000000
6.448400 60.000000
9.000000 135.000000
7.597600 40.000000
7.000000 22.000000
8.596200 30.000000
12.000000 25.000000
12.000000 60.000000
7.500000 28.500000
5.703500 35.000000
7.000000 17.000000
4.500000 22.999900
7.210400 50.000000
1.500000 7.500000
3.000000 60.000000
8.000000 22.000000
16.400000 15.000000
12.443900 6.500000
7.700000 12.000000
9.000000 24.000000
3.000000 39.000000
5.000000 18.000000
8.000000 32.000000
0.500000 31.000000
2.400000 42.000000
1.000000 55.000000
7.800000 55.000000
5.000000 76.000000
10.000000 4.300000
2.000000 25.000000
0.125000 50.000000
1.715200 38.000000
0.500000 185.000000
7.700000 35.000000
9.000000 19.500000
8.000000 22.500000
6.500000 112.500000
8.000000 13.300000
2.400500 20.000000
2.000000 94.000000
12.000000 40.000000
12.000000 12.000000
8.000000 62.500000
8.000000 11.000000
10.000000 49.000000
12.000000 14.000000
14.900000 17.500000
6.500000 9.000000
10.000000 27.500000
6.500000 30.000000
1.900000 27.000000
8.000000 13.000000
3.000000 27.500000
10.900000 35.200000
9.000000 18.000000
9.000000 15.000000
6.500000 30.000000
11.000000 30.000000
12.000000 22.500000
4.400000 60.000000
8.000000 50.000000
0.500000 90.000000
6.100000 60.000000
10.000000 45.000000
2.763300 27.000000
10.000000 31.000000
10.000000 25.000000
1.258600 70.000000
3.808300 65.000000
5.532800 40.000000
8.163200 42.500000
15.520100 60.000000
9.328300 60.000000
21.787100 30.000000
9.016500 45.000000
10.150400 75.000000
8.601700 32.500000
8.503600 90.000000
9.108600 18.000000
16.025400 35.000000
12.553100 60.000000
6.000000 90.000000
10.000000 35.000000
9.000000 28.000000
12.000000 22.500000
8.200000 52.000000
6.000000 50.999900
2.400000 55.600000
12.000000 22.500000
6.500000 32.500000
6.500000 36.500000
8.400000 85.000000
7.500000 35.000000
5.000000 22.500000
5.000000 13.500000
4.900000 14.000000
56.000000 66.500000
1.436500 27.500000
4.100000 275.000000
6.500000 48.499900
6.500000 56.500000
6.108300 42.500000
7.500000 92.500000
7.200000 56.500000
6.500000 52.500000
5.500000 165.000000
2.100000 29.500000
6.636300 205.000000
1.170000 147.500000
1.000000 110.000000
10.000000 440.000000
0.710400 67.000000
4.597400 75.000000
5.534000 76.000000
2.000000 85.000000
6.158500 39.000000
3.941500 45.000000
2.965400 42.500000
6.467200 77.000000
5.463400 115.000000
6.652100 77.500000
2.397400 172.500000
4.300000 215.000000
0.100000 45.000000
1.000000 380.000000
8.600000 158.000000
3.000000 495.000000
5.260000 53.500000
11.000000 22.500000
1.989000 55.000000
0.710400 67.000000
1.191800 62.500000
1.051000 52.000000
4.100000 23.900000
4.716200 260.000000
4.597400 75.000000
4.982400 22.999900
5.850000 130.000000
5.658000 8.000000
5.200000 38.500000
5.534000 76.000000
4.650700 60.000000
0.100000 45.000000
1.000000 380.000000
8.600000 158.000000
3.000000 495.000000
5.260000 53.500000
11.000000 22.500000
1.989000 55.000000
0.710400 67.000000
1.191800 62.500000
1.051000 52.000000
4.100000 23.900000
4.716200 260.000000
4.597400 75.000000
4.982400 22.999900
5.850000 130.000000
5.658000 8.000000
5.200000 38.500000
5.534000 76.000000
4.650700 60.000000
0.100000 45.000000
1.000000 380.000000
8.600000 158.000000
3.000000 495.000000
5.260000 53.500000
11.000000 22.500000
1.989000 55.000000
0.710400 67.000000
1.191800 62.500000
1.051000 52.000000
4.100000 23.900000
4.716200 260.000000
4.597400 75.000000
4.982400 22.999900
5.850000 130.000000
5.658000 8.000000
5.200000 38.500000
5.534000 76.000000
4.650700 60.000000
0.100000 45.000000
1.000000 380.000000
8.600000 158.000000
3.000000 495.000000
5.260000 53.500000
11.000000 22.500000
1.989000 55.000000
0.710400 67.000000
1.191800 62.500000
1.051000 52.000000
4.100000 23.900000
4.716200 260.000000
4.597400 75.000000
4.982400 22.999900
5.850000 130.000000
5.658000 8.000000
5.200000 38.500000
5.534000 76.000000
4.650700 60.000000
5.000000 35.000000
3.000000 11.499900
5.000000 38.000000
10.000000 9.500000
3.500000 90.000000
9.000000 20.099900
1.145100 22.999900
6.000000 80.000000
17.200000 15.000000
6.000000 60.000000
15.000000 15.000000
6.600000 15.000000
0.500000 38.000000
6.650800 8.000000
5.500000 22.500000
2.990000 7.500000
0.300000 160.000000
8.500000 18.500000
5.000000 42.500000
12.000000 10.000000
9.000000 14.000000
0.800000 71.000000
0.790000 45.000000
5.000000 21.000000
2.500000 27.000000
2.000000 11.000000
1.750000 54.000000
2.500000 14.500000
20.650000 36.000000
8.860000 25.000000
8.000000 11.000000
10.000000 25.000000
18.600000 15.000000
6.000000 14.000000
1.100000 92.500000
3.000000 96.999900
8.000000 9.000000
6.000000 5.500000
10.000000 15.500000
1.500000 90.000000
9.000000 13.500000
12.000000 18.000000
10.000000 49.500000
13.800000 40.000000
11.000000 25.000000
12.000000 13.800000
7.000000 31.100000
7.000000 19.000000
14.000000 31.100000
1.500000 30.000000
2.000000 60.000000
10.000000 55.000000
7.000000 60.000000
0.500000 19.500000
2.797400 5.800000
4.000000 18.300000
8.000000 9.500000
3.800000 25.000000
3.800000 25.000000
3.500000 40.000000
6.000000 40.999900
12.000000 12.000000
1.800000 60.000000
1.000000 60.000000
9.000000 82.500000
8.000000 62.500000
0.140000 70.000000
6.000000 16.000000
6.000000 11.499900
5.300000 15.000000
10.000000 25.000000
8.600000 39.000000
10.000000 65.000000
3.000000 60.000000
12.000000 25.000000
6.000000 22.999900
5.000000 29.900000
12.400000 33.000000
10.000000 18.000000
4.200000 47.500000
10.000000 32.500000
2.820500 63.900000
3.267000 41.500000
3.009300 119.900000
5.622800 52.500000
5.931900 42.500000
3.950300 69.900000
3.529900 32.500000
5.168700 27.500000
7.625900 26.900000
4.404900 39.900000
4.508700 47.500000
4.112500 24.900000
4.221500 154.900000
5.420600 25.499900
5.254700 26.900000
5.911000 66.500000
5.456500 29.900000
4.756400 26.500000
4.514300 21.100000
6.162400 59.900000
19.500000 5.500000
5.000000 55.000000
6.800000 400.000000
12.000000 22.000000
2.000000 50.000000
3.000000 14.000000
6.000000 32.500000
9.000000 21.000000
9.000000 11.000000
2.500000 120.000000
4.000000 22.999900
11.000000 22.500000
13.200000 16.500000
1.098000 52.500000
2.062900 32.500000
5.000000 150.000000
3.000000 40.000000
6.978200 55.000000
5.400000 9.800000
6.365400 90.000000
6.000000 70.000000
5.200000 89.000000
5.938500 49.000000
7.037800 52.500000
5.542500 33.000000
7.841300 55.000000
4.089000 79.000000
3.482300 35.000000
7.500000 170.000000
5.554500 75.000000
5.654100 40.999900
4.370000 22.000000
12.000000 6.800000
2.000000 29.000000
2.748300 60.000000
0.800000 47.000000
3.000000 15.000000
5.620700 18.000000
7.000000 8.000000
0.144000 87.500000
5.000000 30.000000
2.000000 280.000000
9.119500 133.000000
6.365700 22.000000
6.000000 25.000000
7.500000 91.999900
9.724800 38.000000
4.600000 45.000000
1.000000 77.000000
8.000000 55.000000
10.000000 32.000000
3.500000 40.000000
5.000000 45.000000
9.000000 22.000000
15.000000 40.000000
8.900000 53.000000
6.000000 39.000000
10.000000 18.500000
10.000000 30.000000
9.000000 57.500000
7.500000 30.000000
3.600000 42.500000
1.200000 35.000000
1.299700 55.000000
4.000000 50.000000
6.000000 60.000000
2.500000 30.000000
2.643000 115.000000
2.460000 47.500000
2.848100 26.000000
10.000000 35.000000
4.198800 75.000000
3.037500 18.000000
0.765800 35.000000
3.440000 61.100000
1.850000 32.500000
4.800000 22.500000
2.894200 30.000000
5.000000 40.000000
5.360000 71.100000
5.365200 85.100000
2.500000 50.000000
8.000000 25.000000
5.000000 15.000000
1.500000 61.000000
0.500000 45.000000
10.600000 74.400000
10.000000 12.000000
6.000000 22.000000
12.000000 48.000000
8.200000 37.000000
3.500000 5.500000
20.500000 12.500000
12.500000 26.000000
13.000000 35.000000
9.700000 17.000000
9.000000 35.000000
6.000000 25.000000
6.000000 17.000000
3.500000 130.000000
2.500000 55.000000
1.500000 40.000000
2.000000 12.000000
2.000000 12.000000
7.000000 27.500000
9.000000 28.500000
8.000000 90.000000
7.950000 250.000000
7.000000 62.000000
0.500000 170.000000
1.500000 65.000000
3.500000 50.000000
12.000000 25.000000
1.500000 95.000000
6.000000 32.000000
12.000000 45.000000
9.000000 35.000000
9.000000 40.000000
1.000000 20.000000
7.200000 25.000000
19.700000 55.000000
7.000000 8.500000
5.000000 5.200000
5.000000 120.000000
6.000000 45.000000
4.000000 61.500000
6.000000 40.000000
4.000000 6.000000
0.916100 50.000000
4.500000 60.000000
11.000000 11.000000
8.000000 17.500000
10.000000 32.500000
9.000000 42.500000
7.000000 16.000000
8.000000 10.000000
11.000000 39.000000
5.000000 40.000000
0.500000 50.999900
9.000000 15.000000
12.000000 11.000000
8.000000 45.000000
3.800000 40.000000
12.000000 14.000000
9.000000 13.000000
5.000000 16.000000
6.000000 15.000000
10.000000 50.000000
1.900000 4.000000
20.000000 14.000000
7.000000 22.700000
5.000000 28.500000
1.907700 15.500000
3.000000 21.000000
8.000000 14.000000
12.800000 94.000000
8.000000 75.000000
10.000000 61.000000
5.000000 45.000000
5.600000 40.999900
2.130200 10.000000
1.050000 30.000000
10.700000 40.000000
6.000000 21.000000
12.000000 9.000000
7.000000 22.200000
5.000000 24.000000
7.000000 45.000000
0.100000 45.000000
1.000000 380.000000
8.600000 158.000000
3.000000 495.000000
5.260000 53.500000
11.000000 22.500000
1.989000 55.000000
0.710400 67.000000
1.191800 62.500000
1.051000 52.000000
4.100000 23.900000
4.716200 260.000000
4.597400 75.000000
4.982400 22.999900
5.850000 130.000000
5.658000 8.000000
5.200000 38.500000
5.534000 76.000000
4.650700 60.000000
0.100000 45.000000
1.000000 380.000000
8.600000 158.000000
3.000000 495.000000
5.260000 53.500000
11.000000 22.500000
1.989000 55.000000
0.710400 67.000000
1.191800 62.500000
1.051000 52.000000
4.100000 23.900000
4.716200 260.000000
4.597400 75.000000
4.982400 22.999900
5.850000 130.000000
5.658000 8.000000
5.200000 38.500000
5.534000 76.000000
4.650700 60.000000
5.530000 73.500000
7.430000 28.500000
4.878100 35.000000
8.762000 29.000000
4.021900 89.000000
1.147300 38.500000
0.835200 42.500000
0.974500 52.500000
0.974800 55.000000
4.900000 27.100000
2.069400 149.000000
3.108000 49.000000
3.760500 26.000000
5.585000 45.500000
5.885000 7.500000
2.383900 42.100000
5.400000 55.000000
3.800000 33.000000
4.545400 39.000000
4.695700 59.900000
6.000000 11.000000
2.500000 25.000000
11.000000 60.000000
19.000000 28.000000
2.500000 270.000000
9.000000 8.000000
0.500000 35.000000
6.000000 47.500000
0.150000 470.000000
5.000000 50.000000
12.000000 25.000000
12.000000 10.000000
0.500000 35.000000
4.700000 400.000000
2.000000 190.000000
12.000000 9.500000
5.800000 40.999900
3.500000 105.000000
3.000000 32.000000
1.000000 100.000000
2.500000 177.000000
2.000000 95.000000
5.000000 75.000000
4.200000 22.000000
5.000000 100.000000
11.600000 66.000000
10.000000 71.600000
6.600000 67.500000
11.000000 38.500000
7.000000 32.500000
6.000000 95.000000
11.000000 40.000000
2.500000 25.000000
6.800000 400.000000
2.000000 21.000000
11.000000 14.700000
2.635000 72.500000
9.000000 55.000000
2.500000 47.500000
5.000000 25.000000
6.000000 7.000000
7.000000 16.000000
9.000000 100.000000
7.000000 6.800000
2.650000 50.000000
6.000000 17.000000
3.500000 130.000000
1.000000 105.000000
1.500000 30.000000
2.500000 60.000000
5.000000 90.000000
2.500000 55.000000
5.200000 10.000000
1.500000 40.000000
2.000000 12.000000
9.000000 30.000000
6.000000 14.000000
2.300000 64.000000
2.215500 38.000000
2.000000 12.000000
7.000000 65.000000
6.000000 15.000000
3.500000 55.000000
7.104200 65.000000
16.787000 102.500000
13.356400 19.500000
1.000000 380.000000
4.000000 149.000000
3.000000 495.000000
2.303800 114.000000
7.000000 9.500000
3.000000 305.000000
1.989000 55.000000
1.191800 62.500000
1.051000 52.000000
4.100000 23.900000
4.716200 260.000000
4.982400 22.999900
5.850000 130.000000
4.360800 58.500000
1.121200 82.500000
5.200000 28.000000
4.921700 72.500000
9.000000 30.000000
7.000000 37.500000
9.000000 31.000000
19.000000 37.500000
10.600000 195.000000
8.000000 40.000000
8.000000 55.000000
2.000000 27.000000
11.000000 55.500000
6.000000 50.000000
13.000000 40.000000
2.883800 28.000000
20.000000 8.000000
10.000000 5.500000
5.000000 25.000000
19.000000 25.000000
10.000000 9.500000
13.500000 72.500000
5.000000 32.000000
13.500000 120.000000
5.000000 16.000000
1.957100 79.000000
2.960000 120.000000
7.000000 17.500000
1.500000 95.000000
5.000000 34.000000
1.350000 82.500000
2.200000 310.000000
2.500000 78.000000
8.000000 35.000000
3.900000 69.000000
6.000000 24.500000
4.900000 79.000000
4.860000 68.000000
2.000000 54.000000
2.500000 42.500000
12.000000 14.000000
3.000000 110.000000
3.500000 71.500000
8.600000 158.000000
12.764300 175.000000
5.400000 40.000000
10.235400 175.000000
6.223700 185.000000
9.000000 11.499900
2.139400 95.000000
3.268600 31.000000
0.100100 57.500000
2.200000 49.000000
5.326100 48.000000
5.300000 350.000000
1.000000 37.000000
1.400000 83.500000
4.400000 65.000000
3.989500 67.000000
7.300000 95.000000
1.700000 69.000000
1.859100 67.000000
2.676600 92.500000
3.000000 25.000000
4.200000 50.999900
11.000000 52.000000
10.000000 10.000000
30.000000 8.500000
11.000000 13.000000
2.762000 95.000000
7.000000 45.000000
5.000000 32.000000
5.000000 48.000000
4.600000 249.000000
8.200000 79.000000
12.000000 12.000000
8.000000 7.500000
7.000000 9.900000
2.000000 101.500000
20.000000 25.000000
12.000000 52.000000
3.000000 110.000000
22.300000 20.000000
6.000000 52.500000
4.000000 50.000000
16.132700 67.500000
6.000000 15.000000
5.000000 25.000000
0.600000 45.000000
6.800000 15.000000
8.500000 20.000000
7.000000 52.500000
3.500000 6.000000
10.000000 18.000000
11.000000 47.500000
19.500000 38.000000
4.600000 28.500000
6.000000 9.120000
4.600000 25.000000
4.200000 40.000000
9.000000 16.000000
8.500000 65.000000
12.000000 40.999900
7.200000 42.500000
7.100000 25.000000
11.000000 20.000000
7.100000 25.000000
14.400000 13.000000
3.000000 26.000000
6.500000 15.500000
3.800000 45.000000
9.000000 22.000000
3.700000 65.000000
3.000000 28.500000
2.600000 72.500000
3.000000 62.500000
2.300000 55.000000
4.000000 24.000000
2.700000 60.000000
6.500000 35.000000
3.200000 24.500000
5.600000 60.000000
3.000000 240.000000
8.000000 62.000000
5.200000 39.500000
1.325000 63.500000
3.600000 18.000000
7.300000 48.499900
6.000000 11.000000
6.000000 15.000000
11.000000 40.000000
7.000000 20.000000
6.000000 30.200000
9.000000 21.500000
8.000000 15.500000
10.100000 100.000000
4.400000 55.000000
4.500000 20.000000
12.000000 75.000000
9.000000 9.000000
12.000000 8.000000
1.350000 22.999900
1.000000 35.000000
2.500000 32.500000
0.850000 45.000000
12.000000 25.000000
12.000000 22.500000
9.024600 15.000000
9.000000 11.000000
4.000000 15.000000
6.000000 16.500000
3.200000 61.000000
6.040000 17.000000
7.095000 15.000000
9.000000 30.000000
7.200000 37.500000
9.000000 39.000000
1.000000 60.000000
2.500000 20.499900
8.000000 27.000000
1.000000 37.500000
0.110000 70.000000
4.000000 45.500000
1.000000 37.500000
3.149100 34.100000
10.714300 20.000000
1.500000 45.000000
5.000000 17.000000
10.000000 190.000000
6.000000 50.000000
8.500000 81.999900
4.000000 35.100000
8.000000 19.500000
8.200000 25.000000
7.000000 12.000000
7.000000 18.000000
2.000000 43.000000
3.500000 7.500000
8.000000 75.000000
4.000000 6.000000
4.641200 150.000000
15.000000 39.000000
5.000000 63.000000
1.500000 108.500000
6.000000 19.000000
2.500000 55.000000
9.000000 20.000000
6.000000 16.500000
6.500000 26.000000
4.000000 15.100000
5.000000 78.000000
8.000000 17.500000
10.750000 17.000000
13.500000 21.000000
4.382600 9.000000
5.583800 53.500000
11.288000 19.500000
9.000000 14.000000
4.000000 35.000000
6.600000 42.500000
3.030000 30.000000
8.500000 34.000000
8.065900 25.000000
8.132400 17.000000
12.788400 31.500000
5.000000 20.000000
2.500000 30.000000
6.675500 30.000000
12.308400 38.000000
80.659900 25.000000
9.585100 31.000000
5.000000 26.000000
5.000000 15.000000
6.000000 8.500000
1.500000 28.000000
4.000000 85.000000
2.000000 37.500000
12.000000 12.500000
11.000000 25.000000
23.400000 71.500000
7.000000 22.000000
11.000000 11.000000
8.400000 15.000000
17.000000 30.000000
4.000000 22.000000
9.600000 7.500000
2.000000 10.000000
1.500000 38.000000
5.000000 10.000000
8.000000 48.000000
12.400000 30.000000
7.000000 19.000000
13.000000 19.000000
1.901400 65.000000
2.326200 30.000000
2.960000 70.000000
3.592500 31.000000
1.200000 50.000000
4.077100 41.500000
3.050000 39.500000
4.200000 43.000000
5.580000 21.500000
6.656900 55.000000
8.135800 41.500000
8.269500 45.000000
6.829300 28.500000
3.200000 58.000000
19.062100 30.000000
6.000000 120.000000
6.470000 7.800000
10.000000 6.500000
8.847000 40.000000
7.500000 85.000000
12.000000 45.000000
3.500000 250.000000
7.000000 78.000000
5.700000 320.000000
0.100000 35.000000
12.000000 28.500000
9.800000 52.500000
9.000000 55.000000
7.000000 58.000000
2.500000 7.500000
6.000000 18.500000
9.000000 11.000000
20.000000 18.000000
11.000000 35.000000
12.600000 6.000000
7.000000 69.500000
0.500000 270.000000
7.418300 13.500000
7.000000 64.000000
9.000000 16.000000
4.600000 8.000000
11.000000 34.000000
8.000000 11.000000
9.000000 25.000000
7.000000 130.000000
0.000100 25.000000
19.200000 45.000000
7.000000 24.000000
12.000000 22.500000
6.000000 27.500000
12.000000 32.000000
12.000000 7.500000
5.000000 8.500000
12.000000 9.000000
8.000000 8.500000
8.000000 35.000000
10.000000 35.500000
0.150000 61.900000
5.000000 170.000000
10.000000 5.500000
8.341100 9.500000
12.000000 30.000000
8.341100 8.100000
8.000000 100.000000
5.000000 92.500000
4.000000 45.000000
1.327000 60.000000
10.000000 8.500000
5.000000 70.000000
2.650000 48.600000
9.000000 40.000000
10.000000 12.000000
3.500000 27.500000
5.700000 58.000000
7.000000 37.500000
10.000000 22.999900
8.800000 11.000000
6.000000 60.000000
7.600000 12.000000
10.000000 20.000000
11.000000 45.000000
8.000000 55.000000
8.000000 22.000000
3.000000 4.000000
2.000000 30.000000
4.000000 63.000000
4.000000 61.000000
0.700000 66.000000
8.000000 22.000000
9.000000 13.800000
1.377000 21.000000
3.400000 12.500000
10.200000 12.500000
11.000000 72.500000
9.000000 17.000000
7.000000 120.000000
9.000000 7.000000
7.000000 10.000000
8.000000 30.000000
10.000000 45.000000
10.000000 53.000000
14.300000 10.000000
11.500000 35.000000
10.000000 16.500000
12.000000 47.500000
4.200000 35.000000
3.800000 22.999900
3.500000 80.000000
12.000000 47.500000
13.690600 42.500000
9.700000 66.000000
1.000000 61.000000
5.000000 24.000000
6.000000 7.000000
12.000000 55.000000
12.000000 10.000000
9.000000 35.000000
12.000000 20.000000
0.300000 72.000000
13.300000 35.000000
2.500000 40.000000
3.500000 57.000000
7.000000 13.000000
5.200000 21.000000
5.200000 80.000000
3.900000 70.000000
2.868900 20.000000
9.000000 49.500000
8.032200 32.500000
0.800000 65.000000
5.000000 15.500000
9.000000 7.500000
6.165800 35.000000
5.000000 9.000000
8.000000 60.000000
18.500000 40.000000
5.700000 37.000000
6.000000 5.000000
12.000000 12.500000
2.600000 180.000000
2.000000 65.000000
3.060000 80.000000
0.500000 80.200000
3.500000 230.000000
3.500000 43.000000
2.300000 65.000000
12.000000 17.000000
23.500000 45.000000
8.700000 25.000000
7.200000 55.000000
6.400000 200.000000
10.000000 14.000000
1.200000 15.500000
6.700000 12.000000
7.000000 28.700000
6.000000 67.500000
7.450000 23.500000
11.870000 30.000000
4.000000 43.499900
22.366000 22.500000
14.000000 16.000000
0.500000 60.000000
10.000000 47.000000
10.000000 30.000000
0.200000 60.000000
0.400000 64.000000
12.000000 5.000000
3.500000 60.000000
2.900000 29.000000
3.000000 60.000000
12.000000 19.000000
11.000000 16.000000
1.500000 32.500000
7.375600 20.000000
4.000000 280.000000
6.000000 12.500000
6.000000 15.500000
9.000000 55.000000
7.000000 13.000000
7.000000 8.000000
8.000000 50.000000
2.700000 25.000000
7.000000 58.000000
5.000000 6.000000
18.500000 30.000000
9.000000 20.000000
1.640000 120.000000
8.000000 35.000000
8.000000 60.000000
0.400000 65.000000
4.000000 12.000000
12.000000 18.000000
4.139500 95.000000
3.500000 25.099900
5.200000 38.500000
4.700000 125.000000
5.000000 16.500000
4.800000 70.000000
5.300000 75.000000
21.300000 8.999900
1.500000 29.000000
0.700000 4.500000
8.800000 67.500000
5.500000 53.000000
4.800000 148.500000
7.101400 32.500000
6.000000 40.000000
7.100000 38.000000
4.500000 75.000000
4.500000 39.000000
2.000000 11.000000
1.400000 182.500000
1.700000 325.600000
6.000000 37.000000
8.000000 21.000000
18.100000 17.500000
8.955000 57.500000
9.000000 32.000000
14.950000 28.000000
19.000000 50.000000
8.300000 38.000000
2.000000 12.000000
2.000000 39.500000
16.000000 36.000000
10.000000 45.100000
4.500000 17.500000
4.480000 17.000000
4.000000 10.000000
12.000000 15.000000
1.000000 14.900000
8.000000 16.000000
1.000000 43.499900
15.600000 80.000000
12.000000 81.999900
10.000000 16.300000
10.000000 35.000000
10.000000 7.500000
6.000000 18.000000
3.000000 67.500000
17.000000 40.000000
10.000000 43.499900
11.000000 10.000000
17.000000 41.900000
10.000000 20.000000
3.500000 40.000000
4.000000 79.000000
9.000000 50.000000
12.000000 27.500000
12.000000 45.000000
2.500000 140.000000
1.500000 80.000000
4.100000 31.500000
1.600000 70.000000
5.100000 58.500000
3.000000 35.000000
8.000000 49.500000
5.000000 50.000000
4.400000 34.500000
1.000000 50.000000
3.300000 36.000000
2.500000 21.000000
6.600000 22.000000
4.800000 25.000000
14.600000 99.000000
10.000000 22.000000
5.000000 180.000000
5.000000 53.000000
5.000000 57.500000
9.900000 40.000000
5.000000 68.000000
8.000000 100.000000
4.500000 26.000000
5.000000 15.000000
7.000000 18.000000
3.751600 34.600000
2.000000 45.000000
0.500000 50.000000
0.800000 70.000000
2.588000 28.000000
1.000000 47.500000
5.000000 30.000000
4.000000 20.099900
10.000000 20.000000
8.000000 21.000000
11.000000 16.000000
13.600000 17.500000
8.000000 32.000000
5.000000 11.000000
3.000000 30.000000
1.000000 70.000000
9.000000 13.500000
11.000000 50.000000
12.000000 55.000000
9.000000 105.000000
2.000000 50.000000
9.000000 18.000000
5.000000 17.000000
0.900000 48.499900
7.000000 15.000000
2.500000 38.000000
1.000000 48.000000
9.000000 13.500000
6.000000 29.000000
7.000000 35.000000
2.500000 11.000000
8.000000 7.000000
7.000000 30.000000
6.000000 18.000000
2.000000 30.000000
6.000000 50.900000
8.000000 65.000000
7.000000 45.000000
0.202000 17.000000
10.000000 21.000000
8.000000 36.000000
12.000000 49.500000
10.000000 10.500000
6.000000 27.000000
11.000000 13.000000
9.000000 70.000000
4.000000 40.000000
6.000000 25.000000
9.400000 32.500000
10.000000 6.900000
2.500000 138.000000
9.000000 9.000000
4.000000 100.000000
9.000000 14.500000
0.110000 25.000000
7.000000 25.600000
12.000000 7.000000
8.850000 5.000000
7.000000 24.000000
12.800000 9.700000
12.000000 13.000000
5.253600 19.900000
7.000000 12.500000
6.000000 42.000000
11.000000 52.500000
8.500000 12.500000
13.500000 32.500000
8.600000 33.000000
5.000000 11.000000
0.195000 45.000000
11.840000 8.500000
7.000000 22.999900
6.000000 25.000000
6.800000 65.000000
4.650700 60.000000
0.648000 65.000000
3.207700 75.000000
1.910700 85.000000
1.846900 31.500000
2.821700 41.500000
7.278700 64.000000
3.106300 78.000000
7.964100 259.500000
5.869200 85.000000
5.478400 90.000000
6.415600 115.000000
5.400000 7.500000
9.700000 21.500000
12.000000 13.000000
1.600000 40.000000
6.000000 55.000000
5.200000 24.500000
11.000000 32.000000
6.000000 73.000000
10.000000 12.000000
3.500000 95.000000
4.800000 35.000000
2.000000 10.000000
3.000000 35.000000
4.000000 8.000000
6.000000 37.000000
7.000000 16.000000
12.000000 13.000000
3.000000 25.000000
8.000000 27.000000
0.950000 260.000000
8.000000 16.000000
8.000000 22.999900
2.900000 75.000000
12.000000 19.500000
6.000000 32.000000
2.000000 110.000000
2.200000 27.000000
5.000000 30.000000
5.000000 20.000000
8.136600 12.000000
11.000000 9.500000
10.000000 40.000000
30.000000 22.999900
2.000000 43.000000
9.000000 30.000000
7.000000 35.000000
12.000000 45.000000
5.300000 20.000000
3.000000 25.000000
9.000000 36.800000
9.000000 36.800000
24.400000 65.000000
12.000000 15.000000
6.000000 18.000000
1.500000 52.500000
15.000000 35.000000
3.000000 85.000000
31.200000 35.000000
5.400000 7.500000
6.700000 16.000000
4.000000 50.000000
10.000000 13.000000
10.000000 35.000000
8.000000 7.000000
14.500000 75.000000
5.300000 45.000000
7.300000 43.000000
9.000000 26.000000
8.000000 37.000000
10.000000 22.999900
9.000000 14.000000
20.000000 70.000000
0.730000 54.500000
3.000000 20.000000
12.000000 50.000000
9.000000 7.000000
2.500000 58.000000
7.000000 16.000000
0.600000 45.000000
3.600000 16.000000
4.900000 76.000000
2.200000 30.000000
3.500000 5.000000
2.400000 80.000000
2.000000 68.000000
5.000000 8.500000
7.000000 130.000000
6.000000 50.000000
3.500000 350.000000
6.000000 14.500000
6.000000 30.000000
6.000000 60.000000
7.000000 40.000000
13.500000 13.000000
7.253900 4.500000
2.500000 64.100000
5.000000 65.000000
0.010100 78.400000
0.010100 63.500000
0.010100 100.000000
5.232800 49.500000
3.000000 32.400000
9.150500 210.000000
3.500000 20.000000
6.000000 32.000000
2.050000 30.000000
20.000000 18.000000
15.400000 50.000000
12.000000 30.500000
5.000000 12.500000
13.500000 80.000000
10.000000 42.000000
4.000000 87.500000
7.000000 58.000000
13.300000 35.000000
11.000000 12.000000
18.000000 15.000000
12.000000 65.000000
8.000000 22.500000
1.500000 40.000000
7.000000 25.000000
4.172300 12.000000
7.000000 25.000000
2.000000 17.500000
0.100000 45.000000
2.635000 59.000000
6.874500 22.500000
4.700000 90.000000
2.728900 37.500000
2.466200 32.000000
3.700000 52.500000
2.824500 65.000000
2.700500 57.500000
3.922700 35.500000
3.136700 47.000000
3.500800 22.100000
2.700500 19.500000
10.000500 9.000000
4.526400 58.000000
3.909300 32.500000
4.524100 49.500000
1.200000 29.000000
0.276900 37.500000
4.312800 21.100000
11.000000 27.000000
5.000000 7.000000
6.000000 22.500000
7.000000 42.000000
2.225500 28.000000
5.921300 40.000000
5.500000 85.000000
8.000000 55.000000
8.000000 55.000000
4.000000 100.000000
17.000000 35.000000
17.000000 35.000000
7.000000 17.000000
0.101000 82.899900
0.101000 111.900000
0.111100 74.600000
0.101000 103.000000
0.101000 133.400000
0.101000 81.199900
0.101000 133.100000
0.101000 85.200000
12.000000 4.500000
7.000000 43.000000
6.000000 14.000000
7.000000 83.000000
11.000000 40.999900
8.000000 19.000000
8.000000 20.000000
11.000000 12.000000
5.000000 85.000000
11.500000 9.500000
8.000000 21.300000
2.500000 66.000000
4.896500 41.500000
0.516600 110.000000
7.629000 65.000000
7.000000 96.999900
3.500000 125.000000
2.500000 71.500000
2.500000 71.500000
4.700000 56.500000
4.576600 61.500000
7.877100 19.900000
7.935700 32.500000
2.800000 40.999900
7.200000 50.000000
7.673600 22.500000
7.000000 13.500000
8.000000 75.000000
6.000000 15.500000
7.700000 33.500000
9.264500 11.499900
10.184900 69.900000
12.000000 11.000000
8.000000 30.000000
7.000000 70.000000
12.000000 70.000000
4.200000 21.000000
12.000000 60.000000
15.583600 18.000000
5.900000 22.000000
6.000000 7.000000
7.000000 95.000000
2.000000 80.000000
12.000000 70.000000
4.000000 26.500000
9.000000 17.500000
8.900000 26.000000
8.000000 95.000000
20.000000 25.000000
5.000000 63.000000
3.500000 3.500000
0.100000 45.000000
1.000000 380.000000
8.600000 158.000000
3.000000 495.000000
5.260000 53.500000
11.000000 22.500000
1.989000 55.000000
0.710400 67.000000
1.191800 62.500000
1.051000 52.000000
4.100000 23.900000
4.716200 260.000000
4.597400 75.000000
4.982400 22.999900
5.850000 130.000000
5.658000 8.000000
5.200000 38.500000
5.534000 76.000000
4.650700 60.000000
20.000000 33.000000
12.000000 15.000000
9.000000 10.500000
6.500000 18.500000
5.000000 26.000000
3.300000 45.000000
3.800000 50.000000
4.000000 26.000000
5.500000 26.500000
2.600000 80.000000
8.000000 86.999900
4.000000 69.000000
12.000000 82.500000
6.323000 16.000000
12.000000 30.000000
10.000000 10.000000
7.700000 53.000000
3.000000 36.000000
4.000000 22.000000
3.500000 17.800000
0.500000 51.500000
3.500000 30.000000
9.000000 10.500000
6.500000 18.500000
8.000000 15.000000
5.000000 26.000000
3.300000 45.000000
3.800000 50.000000
4.000000 26.000000
5.500000 26.500000
1.500000 75.000000
2.600000 80.000000
8.000000 86.999900
8.000000 95.000000
4.000000 69.000000
12.000000 82.500000
7.000000 17.000000
6.323000 16.000000
12.000000 30.000000
4.500000 31.500000
4.000000 9.000000
10.000000 10.000000
11.000000 6.500000
9.000000 31.200000
2.500000 70.000000
4.700000 15.000000
6.000000 45.000000
12.000000 22.999900
12.000000 11.100000
14.000000 25.000000
0.100100 75.000000
0.175800 77.400000
0.145200 71.100000
3.512200 60.000000
9.262100 45.500000
9.219800 22.500000
0.500000 65.000000
5.000000 20.000000
7.400000 87.500000
4.000000 75.000000
2.200000 72.500000
10.000000 10.000000
4.000000 110.000000
3.000000 270.000000
2.300000 28.000000
3.000000 15.000000
5.000000 20.000000
10.000000 14.800000
7.000000 25.499900
6.000000 36.000000
9.000000 9.500000
23.000000 18.500000
4.000000 18.500000
1.500000 30.000000
4.000000 80.000000
5.000000 6.000000
5.000000 8.000000
0.800000 50.000000
3.500000 25.000000
8.000000 25.000000
5.000000 12.500000
8.000000 10.000000
9.000000 48.000000
3.000000 32.000000
7.000000 13.000000
8.000000 5.700000
6.000000 7.500000
3.500000 6.000000
7.000000 12.500000
10.000000 10.500000
15.200000 12.500000
7.000000 6.900000
9.000000 13.000000
4.000000 63.000000
5.000000 33.000000
1.500000 34.000000
12.000000 6.000000
7.832200 55.000000
11.000000 48.000000
8.000000 31.500000
12.000000 16.500000
12.500000 17.000000
0.800000 55.000000
1.300000 46.500000
8.000000 12.000000
5.430900 22.000000
7.000000 18.000000
3.460000 15.000000
2.500000 52.000000
8.000000 43.000000
5.500000 30.000000
0.500000 100.000000
3.000000 72.500000
3.100000 50.000000
5.000000 25.000000
3.821700 70.000000
5.000000 18.500000
12.000000 20.000000
11.000000 31.500000
4.000000 110.000000
5.000000 5.200000
1.000000 60.000000
1.000000 170.000000
10.000000 45.100000
6.000000 37.000000
3.000000 270.000000
2.300000 28.000000
3.000000 35.000000
5.000000 25.000000
2.500000 20.499900
1.500000 50.000000
3.000000 15.000000
4.500000 17.500000
4.480000 17.000000
5.000000 20.000000
5.200000 80.000000
5.000000 120.000000
3.500000 40.000000
10.000000 14.800000
10.000000 20.000000
4.000000 28.400000
6.000000 8.000000
7.700000 17.000000
6.000000 15.000000
7.707300 11.000000
7.000000 40.000000
9.000000 27.500000
18.600000 80.000000
9.000000 55.000000
10.000000 12.500000
8.000000 13.500000
15.000000 34.900000
8.000000 45.800000
3.500000 30.000000
7.000000 9.500000
5.000000 85.000000
2.500000 75.000000
12.000000 19.000000
7.000000 15.000000
10.600000 11.499900
12.000000 32.000000
12.000000 30.000000
16.000000 27.500000
12.000000 14.000000
1.000000 83.000000
5.000000 38.000000
9.000000 15.000000
7.000000 5.000000
10.000000 15.500000
10.000000 15.500000
8.000000 30.000000
1.658400 30.000000
3.800000 38.500000
5.100000 22.100000
3.800000 38.100000
3.500000 25.099900
12.000000 6.000000
3.800000 38.000000
14.400000 18.000000
6.400000 75.100000
6.000000 125.000000
6.500000 22.999900
2.400000 125.000000
5.800000 78.200000
5.800000 78.000000
6.800000 24.500000
8.125700 32.100000
4.400000 50.999900
4.500000 11.000000
7.500000 40.000000
9.000000 37.000000
8.000000 17.500000
3.500000 100.000000
2.500000 9.280000
9.000000 29.100000
2.500000 9.280000
11.000000 33.500000
3.500000 17.000000
1.000000 29.500000
1.000000 37.500000
7.000000 21.500000
11.000000 15.000000
0.500000 6.000000
12.000000 5.200000
9.000000 8.000000
7.000000 14.000000
9.000000 12.000000
12.000000 11.000000
11.000000 28.000000
5.000000 45.000000
5.800000 115.000000
1.500000 65.000000
6.000000 30.000000
5.700000 7.300000
8.700000 40.000000
7.000000 30.000000
3.000000 30.000000
8.000000 45.000000
10.000000 20.000000
4.000000 58.000000
0.391700 55.000000
16.000000 19.000000
3.500000 45.000000
7.000000 22.000000
6.906900 31.000000
1.350000 65.000000
5.905900 30.000000
7.000000 20.000000
3.903900 28.500000
3.303300 33.500000
5.516800 37.000000
4.104100 37.500000
6.706700 23.500000
6.606600 34.500000
8.208200 36.500000
4.800000 40.000000
3.000000 25.000000
7.007000 46.500000
1.000000 30.000000
2.500000 65.500000
3.000000 35.000000
5.000000 50.000000
6.306300 46.500000
7.000000 26.300000
9.000000 25.000000
9.000000 6.000000
9.000000 7.000000
3.000000 25.000000
8.000000 22.999900
12.000000 19.500000
2.200000 27.000000
14.000000 65.000000
8.000000 37.000000
4.000000 50.999900
3.300000 28.000000
4.000000 18.000000
1.050000 30.000000
10.700000 40.000000
6.000000 21.000000
12.000000 9.000000
7.000000 22.200000
5.000000 24.000000
7.000000 45.000000
0.600000 65.000000
7.800000 20.000000
7.200000 21.000000
0.952800 7.500000
13.520000 45.000000
5.800000 22.000000
7.800000 32.500000
4.500000 45.000000
3.500000 82.500000
7.600000 12.500000
10.000000 43.499900
9.900000 48.499900
8.000000 17.500000
12.000000 22.000000
0.110000 125.000000
3.400000 21.500000
6.800000 62.500000
1.500000 61.500000
5.800000 13.000000
5.030000 17.500000
7.000000 15.000000
6.000000 19.500000
9.000000 55.000000
4.000000 150.000000
8.000000 40.000000
1.500000 135.000000
4.500000 21.700000
13.000000 29.000000
8.000000 70.000000
4.000000 17.500000
8.000000 57.500000
10.000000 38.000000
15.162400 35.000000
16.000000 45.000000
11.000000 13.000000
7.482000 32.000000
8.200000 55.000000
5.000000 37.000000
7.000000 11.499900
0.100000 110.000000
17.000000 17.000000
15.000000 8.000000
1.700000 95.000000
15.000000 42.500000
8.000000 50.000000
17.000000 7.000000
12.000000 34.900000
9.000000 33.000000
9.000000 12.000000
10.000000 43.000000
9.000000 39.000000
12.900000 22.500000
18.600000 35.000000
6.677800 10.000000
5.000000 19.000000
11.000000 31.500000
6.000000 30.000000
4.000000 28.000000
5.500000 165.000000
2.100000 29.500000
6.636300 205.000000
1.170000 147.500000
1.000000 110.000000
10.000000 440.000000
0.710400 67.000000
4.597400 75.000000
5.534000 76.000000
2.000000 85.000000
6.158500 39.000000
3.941500 45.000000
2.965400 42.500000
6.467200 77.000000
5.463400 115.000000
6.652100 77.500000
0.300000 72.000000
2.397400 172.500000
1.000000 53.900000
5.000000 42.000000
7.000000 8.500000
7.300000 14.200000
7.600000 18.000000
12.000000 40.000000
17.000000 36.000000
11.000000 8.500000
6.340000 35.000000
2.500000 38.000000
8.000000 14.000000
9.000000 20.000000
15.700000 15.000000
8.000000 15.000000
4.000000 9.000000
10.000000 30.000000
5.000000 28.000000
4.000000 20.000000
3.850000 11.000000
10.392100 14.000000
1.000000 105.000000
1.482500 115.000000
4.337700 91.000000
10.230700 16.000000
7.900000 10.500000
13.500000 120.000000
1.050000 30.000000
9.000000 7.000000
11.000000 16.000000
5.000000 16.000000
8.000000 22.500000
1.957100 79.000000
10.000000 14.500000
2.960000 120.000000
2.000000 93.000000
3.000000 21.000000
15.400000 11.000000
7.000000 17.500000
1.500000 95.000000
4.000000 65.000000
5.100000 55.000000
12.000000 8.500000
5.000000 34.000000
1.350000 82.500000
3.500000 50.999900
0.100000 45.000000
1.000000 380.000000
8.600000 158.000000
3.000000 495.000000
5.260000 53.500000
11.000000 22.500000
1.989000 55.000000
0.710400 67.000000
1.191800 62.500000
1.051000 52.000000
4.100000 23.900000
4.716200 260.000000
4.597400 75.000000
4.982400 22.999900
5.850000 130.000000
5.658000 8.000000
5.200000 38.500000
5.534000 76.000000
4.650700 60.000000
0.100000 45.000000
1.000000 380.000000
8.600000 158.000000
3.000000 495.000000
5.260000 53.500000
11.000000 22.500000
1.989000 55.000000
0.710400 67.000000
1.191800 62.500000
1.051000 52.000000
4.100000 23.900000
4.716200 260.000000
4.597400 75.000000
4.982400 22.999900
5.850000 130.000000
5.658000 8.000000
5.200000 38.500000
5.534000 76.000000
4.650700 60.000000
7.000000 65.000000
6.000000 14.000000
7.000000 15.000000
1.000000 45.000000
24.524400 17.000000
6.000000 40.000000
3.000000 30.000000
0.800000 25.000000
1.000000 50.000000
10.000000 8.500000
11.000000 30.000000
5.658000 8.000000
4.500000 74.000000
6.850000 7.000000
0.500700 48.499900
3.000000 16.400000
7.000000 14.000000
4.960000 99.900000
2.300000 5.600000
3.000000 105.000000
3.800000 19.000000
2.200000 389.900000
4.310000 23.500000
1.017100 35.000000
4.112300 46.500000
2.011800 190.000000
4.000000 45.000000
5.251700 79.000000
2.000000 90.000000
9.911700 45.000000
9.000000 13.500000
0.370000 42.500000
8.000000 10.000000
10.000000 65.000000
5.400000 9.000000
1.900000 25.000000
12.000000 30.000000
3.000000 27.500000
4.350000 60.000000
6.000000 27.000000
7.000000 24.000000
13.500000 120.000000
5.000000 16.000000
1.957100 79.000000
2.960000 120.000000
7.000000 17.500000
1.500000 95.000000
5.000000 34.000000
1.350000 82.500000
2.200000 310.000000
2.500000 78.000000
8.000000 35.000000
3.900000 69.000000
6.000000 24.500000
4.900000 79.000000
4.860000 68.000000
2.000000 54.000000
2.500000 42.500000
12.000000 14.000000
3.000000 110.000000
3.500000 71.500000
9.000000 37.000000
8.000000 17.500000
3.500000 100.000000
2.500000 9.280000
9.000000 29.100000
2.500000 9.280000
2.000000 35.000000
6.000000 6.500000
5.800000 65.000000
4.000000 35.000000
7.000000 7.500000
7.000000 44.000000
6.000000 27.000000
13.500000 115.000000
7.000000 23.800000
4.000000 110.000000
7.500000 120.000000
15.000000 26.000000
14.000000 35.000000
7.000000 48.000000
13.725000 34.500000
11.000000 50.000000
2.700000 59.500000
0.900000 129.500000
0.540000 135.000000
0.100000 54.100000
1.600000 51.500000
1.300000 89.499900
4.700000 32.500000
2.200000 92.500000
3.000000 84.499900
2.000000 92.500000
6.000000 30.000000
7.500000 65.000000
6.400000 17.500000
8.000000 32.500000
9.000000 60.000000
3.000000 70.000000
12.000000 9.500000
2.000000 49.000000
10.000000 38.000000
3.100000 55.000000
4.700000 22.500000
1.120000 57.000000
3.500000 30.500000
5.000000 24.000000
5.500000 70.000000
2.000000 28.800000
7.500000 80.000000
9.300000 43.000000
5.700000 19.500000
3.000000 32.500000
7.300000 45.000000
6.500000 63.000000
6.200000 25.000000
8.500000 13.500000
7.300000 11.000000
5.500000 35.000000
0.580000 24.000000
35.000000 35.000000
3.000000 60.000000
2.000000 75.000000
2.000000 27.000000
10.000000 9.000000
6.500000 35.000000
9.000000 28.500000
26.700000 66.500000
25.000000 17.500000
14.000000 35.000000
2.200000 122.500000
6.000000 28.500000
2.863500 100.000000
3.211400 78.000000
8.200000 30.000000
9.514900 16.000000
6.845800 62.500000
4.200000 26.500000
9.000000 51.500000
3.000000 21.000000
8.000000 14.000000
12.800000 94.000000
8.000000 75.000000
10.000000 61.000000
5.000000 45.000000
5.600000 40.999900
2.130200 10.000000
10.000000 65.000000
8.000000 65.000000
10.554600 15.000000
1.000000 50.000000
8.000000 100.000000
3.500000 34.000000
1.124000 80.000000
12.000000 101.000000
12.000000 35.000000
7.000000 59.500000
13.000000 70.000000
4.000000 26.500000
6.000000 32.000000
11.000000 31.000000
13.000000 70.000000
8.000000 13.000000
12.000000 15.000000
10.400000 30.000000
10.000000 15.000000
13.234300 12.000000
9.000000 95.000000
6.000000 10.000000
7.600000 45.000000
6.000000 3.000000
3.000000 20.000000
9.600000 25.000000
1.000000 130.000000
3.600000 42.500000
1.299700 55.000000
4.000000 50.000000
2.643000 115.000000
2.460000 47.500000
2.848100 26.000000
10.000000 35.000000
4.198800 75.000000
3.037500 18.000000
0.765800 35.000000
3.440000 61.100000
1.850000 32.500000
2.613400 28.000000
2.894200 30.000000
5.360000 71.100000
5.365200 85.100000
5.289500 26.000000
4.232400 55.000000
6.500000 104.499900
6.023600 55.000000
7.000000 21.000000
7.000000 21.000000
10.000000 29.000000
11.000000 25.099900
1.030000 60.000000
12.000000 27.000000
14.200000 55.000000
2.500000 80.000000
0.500000 50.000000
5.260000 53.500000
2.864300 39.600000
5.000000 60.000000
3.000000 57.500000
0.500000 52.000000
3.000000 140.000000
0.760000 60.000000
4.725300 19.500000
0.443200 28.100000
11.000000 7.500000
2.500000 40.000000
7.000000 9.300000
6.852300 56.000000
0.500000 40.000000
4.000000 45.999900
4.300000 45.000000
8.025100 8.800000
3.450000 25.000000
4.274300 2.200000
9.390000 13.000000
8.000000 7.900000
11.000000 12.000000
10.000000 170.000000
2.500000 30.000000
2.500000 30.000000
2.500000 14.500000
2.000000 320.000000
1.000000 24.000000
3.000000 70.000000
11.000000 14.500000
8.000000 53.500000
2.100000 42.000000
2.000000 35.000000
3.200000 55.000000
18.000000 75.000000
7.000000 19.800000
5.000000 42.000000
5.000000 42.000000
12.000000 19.500000
5.576600 15.000000
4.000000 27.500000
6.000000 6.500000
5.000000 20.000000
11.000000 25.000000
0.100000 45.000000
2.635000 59.000000
11.000000 22.500000
6.874500 22.500000
13.200000 16.500000
3.500000 86.000000
4.700000 90.000000
10.000000 18.200000
8.000000 10.000000
4.000000 10.000000
2.728900 37.500000
1.098000 52.500000
2.466200 32.000000
3.700000 52.500000
2.824500 65.000000
2.700500 57.500000
3.922700 35.500000
3.136700 47.000000
3.500800 22.100000
2.700500 19.500000
8.600000 8.500000
5.000000 40.000000
2.000000 65.000000
5.000000 40.000000
8.000000 29.500000
13.500000 6.000000
12.000000 11.000000
11.360000 55.000000
7.000000 19.000000
2.000000 86.199900
1.400000 78.200000
2.600000 83.600000
13.892500 69.600000
12.176400 59.600000
10.542900 61.200000
3.500000 11.499900
6.000000 34.000000
0.500000 55.000000
7.000000 11.499900
8.000000 10.500000
2.000000 89.000000
0.800000 71.500000
5.400000 52.500000
5.530000 73.500000
1.195800 49.500000
0.900000 102.500000
7.000000 75.000000
12.000000 60.000000
2.312200 47.500000
5.800000 8.000000
6.220000 32.500000
3.400000 147.000000
5.300000 35.000000
4.900000 280.000000
1.500000 21.000000
4.450000 34.900000
5.000000 45.000000
5.300000 115.000000
6.350000 21.000000
0.980000 450.000000
1.359900 82.500000
1.300000 275.000000
11.000000 16.000000
10.000000 55.000000
11.000000 9.500000
9.000000 72.500000
1.700000 67.000000
14.000000 6.500000
5.000000 50.000000
5.300000 60.000000
7.000000 35.000000
7.000000 20.000000
15.400000 11.000000
8.000000 15.000000
11.000000 7.500000
9.000000 35.000000
1.500000 170.000000
8.600000 89.000000
12.000000 50.000000
0.520000 60.000000
6.000000 9.900000
4.600000 23.500000
4.000000 7.500000
9.000000 60.000000
2.500000 100.000000
9.000000 39.000000
7.000000 60.000000
7.000000 60.000000
3.500000 73.000000
1.270000 45.000000
8.000000 25.000000
2.000000 140.000000
2.000000 30.000000
1.900000 80.000000
9.500000 12.500000
0.950000 260.000000
5.000000 30.000000
9.000000 29.500000
4.583900 65.000000
7.451000 20.000000
8.729300 13.000000
15.604000 25.000000
9.341500 40.000000
10.115900 43.000000
8.000000 17.000000
1.200000 45.000000
9.000000 35.000000
6.851900 13.000000
5.513000 18.000000
6.523900 47.500000
5.818200 47.000000
9.124500 20.000000
10.298900 65.000000
5.000000 40.000000
12.000000 10.000000
9.000000 40.999900
2.500000 64.000000
8.000000 16.000000
10.000000 18.200000
7.000000 75.000000
5.000000 15.000000
10.000000 8.000000
9.000000 24.000000
6.000000 6.000000
12.000000 7.000000
9.000000 28.500000
6.000000 35.000000
3.000000 69.900000
10.800000 27.500000
16.000000 35.000000
9.000000 13.500000
12.000000 32.500000
10.200000 65.000000
17.800000 30.000000
20.000000 120.000000
6.000000 45.000000
0.300000 42.500000
7.511800 15.000000
14.000000 29.000000
6.000000 33.500000
7.900000 12.000000
2.500000 2.000000
7.000000 25.000000
4.172300 12.000000
7.000000 25.000000
7.000000 22.000000
0.463700 6.100000
7.000000 62.000000
10.000000 42.500000
12.000000 8.500000
4.000000 27.000000
22.000000 18.000000
2.000000 30.000000
1.900000 80.000000
9.500000 12.500000
3.000000 45.000000
4.265500 45.000000
4.300000 25.000000
7.000000 72.500000
5.500000 25.000000
8.000000 9.900000
5.500000 35.000000
7.000000 51.100000
8.000000 30.000000
11.000000 110.000000
6.000000 12.500000
3.000000 50.000000
8.000000 38.500000
9.000000 35.000000
5.000000 6.000000
5.000000 30.000000
7.000000 40.000000
11.000000 55.000000
8.000000 30.000000
15.600000 25.000000
18.000000 80.000000
2.500000 30.000000
12.000000 8.000000
1.100000 120.000000
4.000000 35.500000
5.000000 52.000000
2.600000 50.000000
3.000000 11.499900
5.000000 180.000000
2.000000 80.000000
3.000000 10.500000
7.800000 13.500000
4.000000 17.000000
10.000000 55.000000
7.000000 25.000000
3.000000 65.000000
7.700000 21.000000
15.000000 26.000000
6.900000 75.000000
12.000000 135.000000
12.000000 22.000000
11.000000 11.000000
7.000000 123.000000
11.000000 22.000000
5.000000 13.000000
4.400000 33.000000
9.000000 25.499900
5.000000 60.000000
5.000000 21.000000
14.600000 30.000000
1.500000 42.600000
6.000000 26.500000
3.500000 45.000000
8.000000 48.000000
9.000000 4.000000
7.000000 39.500000
6.200000 22.999900
1.000000 87.500000
8.000000 17.000000
3.500000 50.000000
0.100000 45.000000
1.000000 380.000000
8.600000 158.000000
3.000000 495.000000
5.260000 53.500000
11.000000 22.500000
1.989000 55.000000
0.710400 67.000000
1.191800 62.500000
1.051000 52.000000
4.100000 23.900000
4.716200 260.000000
4.597400 75.000000
4.982400 22.999900
5.850000 130.000000
5.658000 8.000000
5.200000 38.500000
5.534000 76.000000
4.650700 60.000000
4.000000 45.000000
4.000000 45.000000
12.000000 55.000000
6.000000 20.000000
9.000000 8.000000
25.000000 30.000000
1.500000 67.500000
3.000000 26.000000
1.500000 50.000000
5.576600 15.000000
8.000000 10.000000
11.700000 7.000000
7.000000 10.000000
11.000000 73.000000
10.000000 52.500000
10.500000 52.500000
18.200000 55.000000
9.500000 42.000000
7.000000 50.000000
7.600000 16.500000
7.000000 65.000000
4.600000 19.500000
7.000000 7.500000
12.000000 10.000000
2.500000 177.000000
9.000000 9.000000
5.000000 51.500000
2.458500 70.000000
7.000000 6.200000
11.000000 22.000000
1.000000 52.000000
10.000000 17.000000
11.000000 19.000000
10.000000 15.000000
6.500000 12.500000
4.000000 29.000000
1.390000 49.000000
1.756300 43.499900
1.500000 38.000000
8.200000 20.000000
4.000000 49.500000
17.300000 89.499900
15.100000 60.000000
5.000000 30.000000
1.500000 43.000000
8.000000 37.000000
1.100000 75.000000
5.000000 30.000000
12.000000 70.000000
7.000000 10.000000
9.000000 30.000000
18.500000 13.000000
4.000000 65.000000
2.500000 50.999900
11.778000 100.000000
12.000000 28.000000
12.000000 60.000000
12.000000 21.000000
11.000000 115.000000
3.000000 22.999900
3.000000 24.500000
6.000000 60.000000
2.500000 37.500000
5.500000 15.000000
2.000000 145.000000
10.000000 50.000000
4.000000 7.500000
8.000000 22.500000
8.000000 27.500000
3.500000 62.000000
11.000000 60.000000
16.000000 27.500000
12.500000 12.500000
6.200000 8.000000
12.000000 19.900000
3.300000 44.000000
8.000000 25.000000
3.500000 70.000000
5.000000 45.000000
0.500000 24.000000
1.200000 35.000000
8.159500 65.000000
2.200000 7.100000
4.000000 40.000000
4.000000 13.000000
7.000000 30.000000
0.400000 110.000000
2.400000 220.000000
1.350000 80.000000
4.000000 49.000000
0.970000 83.600000
6.200000 37.500000
2.400000 124.900000
1.300000 124.000000
5.000000 3.500000
3.600000 106.800000
4.000000 118.900000
2.700000 70.000000
4.000000 35.000000
8.000000 25.499900
22.100000 22.999900
8.000000 75.000000
11.900000 32.500000
19.000000 76.000000
2.500000 50.999900
2.874000 36.300000
4.850000 22.999900
11.000000 29.000000
3.000000 55.000000
12.000000 12.500000
13.000000 200.000000
14.000000 35.000000
9.000000 39.000000
5.000000 26.000000
5.000000 15.000000
6.000000 8.500000
1.500000 28.000000
4.500000 22.000000
8.000000 14.000000
1.500000 37.000000
2.000000 65.000000
3.700000 28.000000
8.000000 54.000000
12.000000 5.000000
2.000000 80.000000
2.500000 51.500000
9.600000 22.000000
5.400000 52.500000
5.300000 16.500000
6.500000 22.100000
4.300000 24.500000
4.200000 26.000000
7.300000 55.000000
2.900000 43.499900
9.500000 45.000000
2.500000 29.000000
5.300000 30.500000
2.000000 26.500000
5.700000 32.500000
5.200000 55.000000
4.000000 10.500000
4.700000 27.500000
4.700000 43.499900
7.300000 69.000000
4.200000 24.900000
6.000000 20.499900
5.000000 20.000000
12.000000 19.000000
5.000000 15.000000
7.000000 7.000000
2.500000 90.000000
1.100000 95.000000
8.000000 47.500000
8.000000 5.500000
7.500000 45.000000
4.500000 120.000000
10.000000 30.000000
6.000000 35.000000
16.000000 22.999900
5.000000 82.100000
8.000000 20.000000
6.000000 100.000000
6.000000 22.000000
14.862000 45.999900
7.000000 31.000000
4.200000 81.500000
4.000000 120.000000
15.000000 17.000000
3.000000 100.000000
9.000000 15.500000
12.000000 40.000000
8.000000 40.000000
8.000000 25.000000
5.000000 15.000000
7.000000 8.000000
12.000000 13.000000
7.000000 32.500000
5.530000 73.500000
7.430000 28.500000
4.878100 35.000000
8.762000 29.000000
4.021900 89.000000
1.147300 38.500000
0.835200 42.500000
0.974500 52.500000
0.974800 55.000000
4.900000 27.100000
2.069400 149.000000
3.108000 49.000000
3.760500 26.000000
5.585000 45.500000
5.885000 7.500000
2.383900 42.100000
5.400000 55.000000
3.800000 33.000000
4.545400 39.000000
4.695700 59.900000
0.800000 73.800000
3.000000 30.000000
11.000000 15.000000
22.300000 44.000000
11.000000 28.000000
12.000000 10.000000
10.000000 15.000000
10.000000 38.000000
6.000000 9.000000
27.000000 30.000000
6.000000 27.500000
4.109000 18.000000
29.682300 22.500000
4.000000 20.000000
4.000000 50.000000
7.000000 30.000000
8.000000 76.500000
9.000000 65.000000
1.900000 38.000000
11.000000 48.000000
6.000000 20.000000
1.900000 38.000000
6.800000 14.500000
12.000000 28.000000
3.000000 25.499900
9.000000 30.000000
14.000000 48.000000
4.450000 85.000000
5.200000 35.000000
2.600000 65.000000
2.600000 65.000000
8.000000 55.000000
3.500000 30.000000
6.000000 15.000000
12.000000 30.000000
5.800000 8.000000
10.000000 20.000000
4.370000 22.000000
12.000000 6.800000
8.000000 18.000000
2.000000 29.000000
2.500000 30.000000
2.748300 60.000000
0.800000 47.000000
3.000000 15.000000
3.000000 40.000000
10.000000 11.000000
5.620700 18.000000
4.000000 25.000000
7.000000 8.000000
0.144000 87.500000
1.200000 42.500000
5.000000 30.000000
3.500000 70.000000
5.000000 13.000000
6.000000 100.000000
6.700000 65.000000
10.000000 40.000000
6.000000 80.000000
7.000000 67.500000
5.000000 21.000000
12.000000 15.000000
10.000000 4.500000
9.000000 51.600000
8.000000 45.000000
9.000000 13.400000
15.700000 50.999900
2.000000 50.000000
8.000000 13.000000
6.000000 57.500000
4.900000 55.000000
8.925500 14.500000
0.500000 34.700000
11.000000 27.500000
20.000000 63.000000
9.000000 16.000000
6.300000 15.000000
2.300000 55.000000
10.000000 34.900000
16.800000 22.999900
9.000000 11.000000
7.000000 11.000000
0.555000 24.500000
10.000000 18.000000
8.000000 29.000000
4.000000 25.000000
10.000000 15.000000
3.500000 5.500000
7.500000 50.000000
15.000000 29.000000
1.600000 40.000000
7.000000 7.200000
11.500000 25.000000
2.500000 57.500000
1.000000 130.000000
1.500000 42.500000
1.000000 47.000000
8.000000 22.000000
0.170000 31.000000
4.521700 40.000000
9.700000 21.500000
2.000000 31.000000
5.000000 75.000000
12.000000 20.499900
5.000000 26.000000
4.000000 18.000000
11.000000 12.500000
15.500000 42.000000
7.000000 22.000000
7.000000 20.000000
10.000000 13.000000
4.100000 33.500000
6.000000 265.000000
5.600000 267.500000
6.000000 267.500000
9.700000 43.499900
6.000000 50.000000
6.000000 29.000000
4.800000 47.500000
19.000000 27.000000
8.000000 60.000000
7.000000 30.000000
8.000000 41.500000
3.000000 80.000000
4.444000 42.000000
3.000000 125.000000
12.000000 27.000000
8.000000 39.000000
11.000000 40.000000
17.000000 10.000000
4.600000 85.000000
12.000000 35.900000
9.136500 47.000000
9.001000 36.000000
8.000000 25.099900
3.500000 4.500000
8.000000 7.500000
3.180000 49.500000
5.910000 31.000000
3.120000 54.000000
5.100000 66.500000
2.270000 42.500000
5.800000 129.500000
5.090000 67.500000
1.000000 98.000000
6.000000 32.000000
8.000000 25.000000
7.200000 60.000000
9.600000 30.000000
6.600000 30.500000
8.000000 27.000000
9.000000 30.000000
7.000000 10.600000
7.500000 9.000000
0.241700 53.900000
10.000000 11.000000
3.000000 25.000000
5.000000 30.000000
6.000000 70.700000
12.000000 9.500000
0.700000 49.500000
3.500000 20.000000
11.000000 11.000000
13.000000 10.000000
2.500000 15.000000
3.500000 50.999900
8.000000 5.000000
7.000000 8.500000
2.300000 47.500000
4.000000 42.500000
11.000000 48.000000
1.000000 95.000000
8.000000 53.500000
2.500000 32.500000
7.400000 27.000000
6.000000 30.000000
7.000000 32.500000
10.000000 35.000000
14.600000 22.999900
12.000000 32.500000
7.000000 7.000000
12.000000 19.000000
6.550000 34.500000
7.000000 102.500000
5.000000 12.000000
9.000000 11.499900
12.000000 30.000000
5.600000 34.000000
7.000000 9.000000
14.030000 15.000000
7.000000 11.599900
3.600000 42.500000
1.299700 55.000000
4.000000 50.000000
2.500000 30.000000
2.643000 115.000000
2.460000 47.500000
2.848100 26.000000
10.000000 35.000000
4.198800 75.000000
0.765800 35.000000
3.037500 18.000000
3.440000 61.100000
1.850000 32.500000
4.800000 22.500000
2.894200 30.000000
5.000000 40.000000
5.360000 71.100000
5.365200 85.100000
2.300000 37.500000
1.021100 27.500000
12.000000 12.000000
12.000000 35.000000
3.500000 40.999900
13.000000 50.000000
9.000000 22.000000
8.000000 12.000000
5.500000 7.000000
1.500000 80.000000
26.000000 45.000000
14.500000 52.500000
3.500000 30.000000
5.600000 19.500000
9.800000 13.000000
13.500000 30.000000
6.000000 12.000000
12.000000 45.000000
10.200000 16.000000
3.500000 80.000000
8.000000 10.000000
1.359900 82.500000
3.293300 26.500000
5.455100 17.500000
5.711200 25.099900
4.102500 47.100000
0.500000 65.000000
0.500000 65.000000
5.312200 22.500000
6.411100 24.500000
7.889200 22.100000
7.411300 27.100000
8.000000 29.000000
3.900000 52.500000
8.477500 37.700000
2.077800 9.500000
6.444100 76.300000
4.319200 45.000000
4.441600 14.000000
7.999100 70.100000
6.260100 27.700000
5.000000 52.000000
10.000000 55.000000
9.700000 26.000000
10.000000 42.000000
10.000000 3.500000
2.000000 115.000000
4.600000 68.000000
4.000000 42.500000
7.000000 45.000000
8.960000 59.000000
6.080000 93.699900
10.400000 42.000000
8.000000 45.000000
6.911100 4.000000
7.000000 52.000000
12.000000 8.000000
4.000000 5.500000
10.000000 8.000000
2.000000 21.000000
5.000000 30.000000
5.000000 26.000000
7.000000 25.000000
9.000000 8.000000
15.000000 45.000000
12.000000 31.000000
10.000000 50.000000
7.000000 80.000000
7.000000 84.000000
5.000000 49.000000
8.100000 12.500000
12.000000 40.000000
0.360000 100.000000
1.427200 53.000000
4.921300 84.000000
4.000000 22.999900
4.000000 4.000000
8.000000 13.000000
7.000000 20.000000
7.000000 12.000000
5.700000 7.500000
12.000000 25.000000
3.000000 10.000000
0.324000 28.000000
0.500000 54.000000
1.000000 70.000000
9.000000 35.000000
10.000000 32.000000
9.000000 47.500000
14.000000 22.000000
1.377000 21.000000
0.463700 6.100000
10.000000 35.500000
6.000000 15.000000
8.000000 13.300000
5.000000 65.000000
4.000000 21.000000
9.390000 13.000000
7.000000 6.000000
12.000000 12.000000
4.000000 290.000000
12.000000 10.000000
8.000000 7.900000
11.000000 12.000000
3.400000 12.500000
2.000000 42.500000
11.700000 7.000000
0.150000 61.900000
4.896500 41.500000
5.500000 26.500000
6.000000 7.000000
4.000000 28.100000
8.000000 21.100000
1.100000 55.000000
11.000000 35.000000
1.989000 42.000000
2.096900 27.000000
2.019400 39.900000
3.498200 44.000000
4.458800 25.000000
5.790400 65.000000
5.925800 27.000000
6.082600 39.000000
5.000000 150.000000
3.500000 22.500000
11.000000 90.000000
4.000000 160.000000
1.000000 80.000000
5.000000 32.000000
2.500000 30.000000
2.500000 74.000000
0.130000 35.000000
4.000000 28.000000
5.000000 67.500000
2.000000 30.000000
7.600000 40.000000
10.000000 42.000000
12.000000 30.000000
7.000000 17.000000
7.000000 21.000000
6.000000 60.000000
3.800000 26.000000
1.900000 8.200000
7.500000 69.000000
7.000000 30.000000
3.000000 125.000000
3.170700 79.900000
18.000000 100.000000
9.000000 19.000000
3.000000 25.000000
6.000000 20.000000
9.000000 30.000000
12.000000 25.000000
7.000000 9.000000
7.000000 6.800000
2.650000 50.000000
5.000000 90.000000
5.200000 10.000000
16.000000 70.000000
11.599200 175.000000
11.000000 29.000000
9.700000 105.000000
10.000000 7.000000
4.100000 52.000000
9.000000 15.000000
9.000000 12.000000
2.500000 60.000000
7.000000 15.000000
6.000000 40.000000
3.000000 31.000000
3.000000 55.000000
6.000000 55.000000
7.300000 32.000000
10.000000 5.000000
3.200000 50.000000
2.650000 36.000000
5.000000 70.000000
11.000000 70.000000
8.400000 65.500000
5.000000 70.000000
11.000000 20.000000
15.000000 37.500000
10.905200 47.000000
9.065800 55.000000
11.000000 50.000000
2.500000 21.000000
2.000000 27.000000
8.000000 30.000000
6.000000 8.000000
8.100000 145.100000
1.500000 108.500000
7.500000 24.500000
2.555200 70.000000
2.000000 30.000000
8.000000 35.000000
2.500000 63.500000
4.070000 32.500000
6.550000 115.000000
4.200000 11.000000
0.800000 89.000000
8.000000 7.300000
7.700000 17.000000
0.600000 75.000000
2.883800 28.000000
1.117400 69.000000
12.000000 13.000000
8.000000 7.300000
8.500000 8.500000
1.000000 157.500000
10.500000 32.500000
12.000000 8.500000
3.000000 86.000000
4.100000 69.000000
5.400000 65.000000
4.000000 37.500000
7.100000 52.500000
7.250000 33.000000
7.660000 28.000000
4.000000 47.000000
11.000000 35.000000
6.300000 48.000000
6.000000 62.000000
5.800000 25.000000
8.000000 7.869200
8.000000 35.000000
7.000000 25.000000
9.770000 26.000000
3.600000 64.000000
9.000000 22.000000
13.000000 46.500000
12.000000 22.999900
1.500000 42.500000
12.000000 9.500000
17.000000 17.000000
3.750000 22.999900
5.000000 4.500000
14.500000 47.900000
6.000000 37.000000
3.000000 34.000000
3.500000 62.000000
6.000000 27.000000
3.500000 40.000000
4.000000 26.000000
5.000000 4.800000
2.380000 10.000000
7.000000 49.000000
9.000000 12.000000
10.200000 12.500000
8.000000 16.000000
0.500000 19.000000
1.000000 170.000000
5.000000 25.000000
1.500000 50.000000
3.500000 40.000000
2.000000 50.000000
9.900000 180.000000
9.000000 32.000000
4.700000 25.000000
9.000000 10.500000
2.000000 55.000000
0.110000 60.000000
4.000000 21.000000
1.500000 21.000000
4.000000 15.000000
6.000000 12.500000
2.000000 38.000000
0.500000 60.000000
2.700000 49.000000
3.800000 54.500000
2.500000 25.000000
0.110000 105.000000
10.000000 10.000000
10.000000 25.000000
11.000000 10.000000
6.000000 35.000000
7.000000 37.000000
11.000000 12.100000
4.407700 57.000000
2.400000 78.500000
3.000000 85.000000
3.000000 37.500000
4.000000 61.900000
9.000000 33.500000
5.000000 50.000000
10.000000 6.000000
5.000000 13.000000
21.000000 21.000000
2.000000 190.000000
7.000000 27.000000
10.000000 22.500000
16.000000 15.000000
7.000000 17.300000
0.942200 480.000000
11.000000 71.000000
2.000000 150.000000
2.000000 55.000000
7.000000 5.800000
6.000000 120.000000
15.000000 50.000000
8.300000 12.000000
25.000000 30.000000
3.000000 30.000000
2.100000 29.500000
8.000000 58.700000
5.000000 43.000000
5.000000 12.300000
4.850000 45.000000
6.000000 13.000000
9.000000 11.000000
24.000000 20.000000
7.000000 32.000000
5.000000 30.000000
11.000000 35.000000
5.000000 80.000000
17.500000 27.000000
6.000000 54.000000
6.000000 16.000000
10.000000 34.000000
4.000000 35.000000
10.000000 30.000000
6.300000 33.000000
8.000000 32.500000
5.500000 25.000000
5.500000 25.000000
6.000000 24.000000
0.500000 54.500000
4.800000 30.000000
8.000000 13.000000
5.000000 24.000000
1.500000 36.000000
7.000000 25.000000
10.500000 47.500000
5.000000 60.000000
8.000000 15.000000
5.000000 70.000000
0.500000 129.000000
5.800000 8.000000
1.200000 42.500000
1.000000 50.000000
4.500000 19.300000
1.000000 80.000000
5.000000 15.000000
4.000000 8.000000
10.000000 13.000000
8.000000 28.000000
11.000000 22.999900
12.000000 8.000000
1.000000 7.000000
6.000000 24.000000
7.200000 38.000000
6.000000 24.000000
11.000000 8.000000
5.000000 26.500000
2.500000 32.000000
12.000000 50.000000
5.500000 130.000000
3.500000 150.000000
11.000000 180.000000
8.000000 60.000000
8.000000 42.000000
12.000000 14.000000
10.000000 30.000000
6.000000 10.000000
2.500000 35.000000
1.900000 85.000000
5.400000 14.000000
1.710000 55.000000
1.900000 52.500000
14.600000 47.000000
9.800000 90.000000
22.464200 50.000000
12.000000 8.000000
17.500000 17.500000
1.500000 135.000000
5.000000 80.000000
1.500000 25.000000
2.500000 70.000000
2.500000 80.000000
6.900000 66.000000
6.000000 46.500000
22.243500 18.000000
6.600000 60.000000
11.000000 15.000000
7.800000 45.000000
1.000000 72.100000
3.500000 30.000000
1.000000 100.000000
4.000000 30.000000
12.000000 45.000000
7.000000 7.900000
4.000000 54.500000
2.000000 84.499900
9.300000 70.000000
15.900000 65.000000
7.500000 52.500000
10.110000 11.000000
6.600000 18.000000
3.000000 28.000000
1.000000 40.000000
12.600000 62.500000
7.000000 53.500000
5.000000 45.999900
10.000000 30.000000
6.000000 28.000000
7.000000 50.000000
0.120000 120.000000
4.000000 30.000000
8.000000 18.000000
13.444400 18.000000
12.000000 7.800000
12.000000 16.000000
23.800000 60.000000
10.000000 11.000000
11.000000 45.000000
3.500000 135.000000
16.500000 12.000000
4.200000 104.000000
7.000000 39.000000
6.000000 6.500000
11.500000 32.000000
7.000000 72.000000
8.000000 22.000000
6.500000 22.500000
15.000000 20.000000
7.500000 43.499900
6.370000 30.000000
7.480000 70.000000
10.500000 50.000000
4.000000 50.000000
9.000000 40.000000
7.500000 82.500000
1.500000 72.000000
3.000000 11.000000
10.000000 60.000000
15.500000 27.500000
14.900000 234.900000
6.000000 74.000000
9.000000 80.000000
10.000000 110.000000
10.000000 75.000000
9.000000 20.000000
7.500000 21.000000
12.000000 27.000000
9.000000 63.000000
5.500000 37.500000
7.000000 30.000000
9.500000 58.000000
5.000000 55.000000
5.000000 75.000000
6.051600 25.000000
23.500000 43.499900
7.673100 90.000000
6.400000 68.500000
6.500000 54.000000
1.300000 116.500000
7.700000 61.000000
2.400000 25.499900
6.384000 28.000000
2.500000 37.000000
7.640000 45.999900
7.000000 4.200000
7.000000 4.200000
8.000000 19.000000
10.000000 16.500000
4.000000 71.000000
1.500000 120.000000
7.000000 22.999900
1.500000 31.000000
4.000000 32.000000
5.400000 10.000000
9.000000 16.000000
5.200000 6.000000
20.000000 10.000000
3.500000 35.000000
6.000000 70.000000
3.148900 30.000000
4.000000 83.000000
11.000000 22.000000
5.000000 13.000000
4.400000 33.000000
9.000000 25.499900
5.000000 60.000000
5.000000 21.000000
8.136600 12.000000
11.000000 9.500000
30.000000 22.999900
7.000000 22.999900
10.000000 40.000000
7.000000 30.000000
5.000000 30.000000
18.000000 8.000000
5.000000 8.000000
9.000000 10.000000
11.000000 30.000000
2.600000 70.000000
6.500000 97.500000
13.000000 50.000000
7.500000 55.000000
11.000000 55.000000
5.000000 24.000000
8.000000 5.000000
8.000000 12.000000
6.000000 90.000000
9.000000 25.000000
3.600000 28.000000
8.700000 8.500000
8.000000 9.000000
5.000000 50.000000
6.000000 20.000000
5.000000 25.000000
4.000000 18.500000
6.000000 10.000000
5.500000 61.000000
8.000000 29.000000
29.500000 30.000000
8.000000 22.500000
5.000000 32.000000
15.800000 13.500000
40.000000 40.000000
2.500000 40.000000
3.500000 57.000000
1.200000 50.000000
7.000000 13.000000
0.400000 36.000000
1.083200 53.000000
5.000000 25.000000
1.949500 60.000000
6.266800 57.000000
8.571000 85.000000
5.513000 25.000000
6.335600 58.000000
12.962700 168.000000
1.500000 18.000000
5.000000 30.000000
7.000000 26.900000
2.000000 23.199900
6.000000 15.000000
0.500000 49.500000
1.500000 70.000000
0.440000 40.000000
1.500000 59.900000
4.500000 42.100000
0.100000 84.100000
3.850000 29.500000
2.500000 22.000000
3.500000 25.000000
11.000000 110.000000
4.000000 30.000000
11.000000 8.000000
2.000000 21.500000
1.498700 24.500000
2.506100 65.000000
4.249400 76.000000
4.487500 39.500000
8.974100 28.000000
6.500000 49.500000
3.500000 52.500000
34.708900 42.000000
3.450000 21.000000
3.000000 65.000000
3.900000 230.000000
1.600000 52.500000
8.000000 19.500000
6.000000 65.000000
11.000000 54.000000
6.100000 18.000000
2.900000 75.000000
5.000000 98.000000
9.000000 25.000000
3.500000 55.000000
4.300000 50.999900
5.000000 32.000000
2.500000 27.500000
22.225200 55.000000
5.000000 14.500000
8.000000 25.000000
3.500000 52.000000
8.500000 9.500000
11.000000 72.500000
7.000000 5.500000
10.000000 60.000000
12.000000 33.000000
8.900000 47.000000
12.000000 36.500000
4.000000 25.000000
1.700000 43.000000
12.500000 40.000000
11.000000 61.500000
12.000000 15.000000
9.000000 24.000000
9.000000 80.000000
11.000000 24.000000
8.700000 60.000000
1.500000 80.000000
7.000000 16.000000
3.800000 35.000000
6.400000 30.000000
5.525000 39.900000
11.000000 30.000000
7.000000 15.000000
6.000000 32.000000
1.700000 128.000000
1.300000 30.000000
6.000000 100.000000
12.000000 109.000000
9.700000 45.000000
13.000000 6.000000
5.000000 50.000000
12.000000 20.000000
6.800000 65.000000
10.000000 6.000000
8.000000 25.099900
6.700000 18.500000
6.000000 15.500000
0.500000 60.000000
2.000000 30.000000
1.250000 85.000000
0.400000 47.000000
2.500000 60.000000
7.000000 70.000000
16.200000 7.000000
20.500000 125.000000
7.000000 65.000000
7.000000 45.000000
10.000000 75.000000
7.000000 77.500000
22.000000 80.000000
8.000000 36.000000
12.000000 25.000000
2.203800 149.000000
8.000000 60.000000
9.000000 12.000000
14.000000 32.000000
12.000000 40.000000
6.000000 30.200000
8.000000 13.000000
6.000000 15.000000
9.000000 20.000000
8.000000 95.000000
17.500000 12.000000
1.000000 140.000000
6.500000 62.000000
9.000000 44.900000
7.000000 10.000000
0.250000 60.000000
3.500000 70.000000
4.000000 25.000000
6.300000 55.000000
8.800000 67.500000
5.500000 53.000000
7.101400 32.500000
6.000000 37.000000
7.000000 36.000000
6.000000 65.000000
9.200000 19.900000
8.912600 28.500000
13.400000 26.000000
1.500000 86.999900
4.250000 42.500000
4.200000 49.000000
7.000000 75.000000
11.000000 12.500000
13.136500 22.100000
4.898000 72.400000
4.600000 44.000000
6.000000 7.000000
5.800000 51.100000
2.200000 79.000000
3.700000 64.000000
7.000000 12.000000
9.890000 12.600000
12.500000 12.000000
6.000000 65.000000
8.000000 45.000000
8.000000 11.000000
4.000000 60.000000
8.000000 62.000000
3.000000 60.000000
3.500000 79.500000
18.000000 30.000000
6.000000 49.500000
8.600000 158.000000
12.764300 175.000000
3.400000 135.000000
14.500000 35.000000
2.500000 30.000000
5.400000 40.000000
10.235400 175.000000
7.000000 7.000000
7.000000 50.000000
3.600000 257.500000
5.800000 34.500000
10.000000 22.000000
6.223700 185.000000
9.000000 11.499900
10.000000 5.000000
1.400000 58.500000
2.139400 95.000000
1.380000 62.500000
2.300000 103.500000
3.268600 31.000000
9.970000 60.000000
0.500000 310.000000
4.965400 65.000000
4.545700 55.000000
3.922100 126.000000
4.822000 66.000000
1.111400 70.000000
6.020800 23.500000
8.000000 47.500000
9.860000 79.500000
1.300000 890.000000
3.000000 320.000000
1.800000 186.000000
10.000000 420.000000
5.800000 85.000000
8.544100 58.500000
6.454100 38.000000
3.500000 65.000000
3.000000 60.000000
1.626700 43.499900
7.150000 52.500000
1.299900 480.000000
8.000000 16.000000
9.000000 16.000000
2.800000 12.500000
20.000000 43.000000
1.470000 90.000000
9.000000 6.100000
5.000000 40.000000
10.000000 15.000000
2.400000 95.000000
10.000000 22.000000
9.000000 11.000000
3.000000 37.500000
8.000000 35.000000
9.268600 31.000000
30.000000 9.000000
9.000000 35.000000
6.000000 10.000000
4.000000 130.000000
9.000000 7.000000
8.000000 22.500000
10.000000 14.500000
2.000000 93.000000
5.100000 55.000000
12.000000 8.500000
5.500000 28.000000
0.600000 36.000000
4.000000 15.000000
1.500000 90.000000
5.000000 12.000000
9.000000 21.500000
3.850000 55.000000
3.500000 77.500000
4.935900 40.999900
7.000000 6.500000
9.000000 20.000000
5.000000 24.000000
10.873100 80.000000
12.000000 40.000000
6.000000 50.000000
9.000000 15.000000
14.000000 50.000000
8.000000 32.000000
9.000000 30.000000
4.000000 65.000000
1.400000 28.500000
7.000000 36.000000
5.500000 45.000000
6.000000 17.500000
7.400000 35.000000
4.500000 53.000000
3.800000 102.500000
2.400000 95.000000
2.997600 72.500000
4.100000 91.999900
1.500000 70.000000
3.600000 72.500000
3.064600 84.000000
2.360000 36.500000
7.131800 66.500000
7.809800 5.000000
3.000000 22.500000
4.500000 22.999900
6.700000 14.500000
1.468100 62.400000
2.500000 50.000000
1.805400 75.000000
4.000000 78.500000
3.000000 22.500000
8.000000 30.000000
2.000000 68.000000
4.000000 70.000000
12.000000 18.000000
12.000000 27.000000
9.700000 37.000000
7.000000 110.000000
12.000000 12.000000
8.800000 43.000000
3.840600 55.000000
5.435000 32.000000
3.226000 39.000000
5.823100 55.000000
5.985800 37.000000
7.335000 19.000000
8.847300 50.999900
9.698700 45.000000
7.735000 550.000000
6.118700 55.000000
6.835000 40.000000
8.115000 58.500000
3.000000 50.000000
3.000000 80.000000
12.000000 26.500000
18.000000 17.500000
5.000000 12.500000
8.000000 16.500000
28.000000 15.000000
9.000000 102.500000
25.000000 103.000000
9.000000 38.000000
11.000000 25.000000
8.000000 8.500000
3.500000 50.000000
1.500000 35.000000
5.200000 19.000000
14.000000 94.000000
6.000000 47.500000
1.700000 30.000000
7.000000 25.000000
9.700000 9.300000
12.500000 29.000000
30.000000 7.500000
12.000000 100.000000
8.700000 55.000000
7.500000 28.500000
6.000000 24.000000
2.500000 85.000000
2.600000 65.000000
7.800000 36.500000
2.600000 65.000000
3.500000 26.000000
10.000000 25.000000
8.000000 55.000000
9.000000 7.000000
8.000000 22.500000
10.000000 14.500000
2.000000 93.000000
5.100000 55.000000
12.000000 8.500000
5.500000 28.000000
0.600000 36.000000
4.000000 15.000000
1.500000 90.000000
5.000000 12.000000
9.000000 21.500000
3.850000 55.000000
3.500000 77.500000
4.935900 40.999900
7.000000 6.500000
9.000000 20.000000
5.000000 24.000000
10.873100 80.000000
12.000000 40.000000
4.000000 22.999900
12.000000 58.000000
10.000000 17.500000
11.000000 25.000000
8.000000 32.000000
9.000000 30.000000
6.000000 80.000000
7.500000 24.500000
2.000000 30.000000
8.000000 35.000000
10.570000 7.000000
1.400000 43.099900
7.000000 8.000000
2.800000 33.500000
5.100000 35.000000
5.600000 31.500000
3.500000 110.000000
2.400000 8.000000
6.400000 28.500000
12.000000 10.000000
3.709100 22.500000
8.000000 450.000000
3.890000 32.000000
6.000000 124.900000
11.000000 12.000000
10.000000 20.000000
8.500000 115.100000
14.000000 12.000000
2.000000 22.000000
1.500000 75.000000
4.000000 78.400000
5.000000 50.000000
2.000000 35.000000
5.000000 140.000000
10.000000 60.000000
0.940000 52.500000
1.200000 93.000000
1.410000 44.000000
2.100000 43.499900
2.800000 25.000000
3.500000 94.000000
3.100000 105.000000
5.800000 82.500000
2.500000 22.999900
7.200000 37.500000
8.900000 64.000000
16.000000 80.000000
3.000000 13.000000
3.755500 30.000000
1.400000 44.000000
5.660000 59.500000
11.000000 45.000000
5.000000 69.000000
0.500000 30.000000
10.000000 17.000000
12.000000 28.000000
6.758000 22.000000
10.000000 14.000000
6.000000 4.500000
12.500000 20.000000
12.000000 32.500000
13.000000 30.000000
25.000000 12.000000
5.260000 53.500000
8.200000 52.000000
1.989000 55.000000
4.000000 28.000000
7.800000 22.500000
4.823800 75.000000
3.836500 53.500000
2.367000 125.000000
4.983400 65.000000
5.735300 29.500000
6.830800 48.000000
6.324000 57.500000
6.000000 50.999900
10.000000 6.900000
6.000000 20.000000
9.000000 44.900000
0.100000 42.600000
0.600000 65.000000
5.000000 26.000000
9.000000 29.500000
3.000000 26.000000
14.000000 12.000000
6.500000 15.500000
3.800000 45.000000
8.000000 32.000000
5.000000 12.300000
11.000000 8.000000
9.000000 22.000000
3.700000 65.000000
3.000000 28.500000
2.600000 72.500000
12.800000 9.700000
3.000000 62.500000
2.300000 55.000000
12.000000 13.000000
4.000000 24.000000
2.700000 60.000000
6.500000 35.000000
3.200000 24.500000
5.253600 19.900000
10.000000 33.000000
8.000000 15.000000
9.000000 92.799900
6.000000 7.000000
5.500000 39.900000
9.000000 35.000000
5.000000 12.500000
9.000000 15.000000
2.500000 25.000000
6.100000 67.500000
3.000000 95.000000
4.500000 40.999900
6.000000 22.500000
7.500000 35.000000
14.000000 5.111100
5.600000 29.000000
6.200000 31.000000
5.800000 21.200000
4.900000 90.000000
5.600000 22.100000
7.300000 67.500000
6.900000 42.100000
1.000000 35.000000
11.000000 14.000000
11.600000 9.000000
4.000000 83.000000
3.000000 18.000000
10.900000 21.000000
9.000000 70.000000
0.700000 4.500000
12.000000 12.500000
6.491600 53.000000
3.716100 80.000000
1.500000 58.000000
11.800000 140.000000
5.085200 30.000000
3.000000 30.000000
7.700000 70.000000
7.000000 25.000000
12.000000 50.000000
4.000000 42.800000
3.300000 140.000000
5.350000 21.900000
4.000000 50.000000
8.200000 52.000000
6.000000 50.999900
2.400000 55.600000
12.000000 22.500000
6.500000 32.500000
6.500000 36.500000
8.400000 85.000000
7.500000 35.000000
5.000000 22.500000
5.000000 13.500000
4.900000 14.000000
56.000000 66.500000
1.436500 27.500000
4.100000 275.000000
6.500000 48.499900
6.500000 56.500000
6.108300 42.500000
7.500000 92.500000
7.200000 56.500000
6.500000 52.500000
6.000000 40.999900
0.500000 57.000000
8.000000 16.000000
5.150000 74.900000
12.000000 30.000000
7.980000 55.000000
9.700000 55.000000
0.659000 125.000000
4.995700 70.000000
4.323500 60.000000
5.069900 92.500000
12.600000 180.000000
14.073000 45.999900
4.600000 56.500000
8.000000 17.000000
25.600000 15.000000
12.000000 29.500000
4.000000 81.999900
4.000000 81.999900
4.000000 32.000000
13.500000 55.000000
5.000000 55.000000
9.800000 59.000000
7.000000 105.000000
5.000000 95.000000
3.000000 100.000000
12.000000 50.000000
7.000000 45.000000
3.500000 72.000000
7.000000 39.000000
3.500000 50.000000
7.000000 250.000000
5.000000 78.000000
9.000000 48.499900
9.000000 42.000000
7.000000 122.500000
5.000000 35.000000
12.000000 35.000000
23.000000 80.000000
7.000000 12.500000
10.000000 7.500000
1.500000 50.999900
8.000000 21.500000
2.500000 46.500000
5.200000 62.500000
6.600000 49.000000
6.400000 88.000000
4.900000 29.000000
10.000000 11.599900
7.200000 68.500000
5.000000 30.000000
4.400000 68.000000
10.100000 48.000000
5.500000 63.000000
11.500000 19.000000
10.000000 50.000000
5.200000 85.000000
10.500000 35.000000
17.000000 42.500000
10.500000 49.500000
6.000000 89.000000
2.500000 110.000000
21.800000 65.000000
2.500000 46.500000
5.200000 62.500000
6.600000 49.000000
6.400000 88.000000
4.900000 29.000000
10.000000 11.599900
7.200000 68.500000
5.000000 30.000000
4.400000 68.000000
10.100000 48.000000
5.500000 63.000000
11.500000 19.000000
10.000000 50.000000
5.200000 85.000000
10.500000 35.000000
17.000000 42.500000
10.500000 49.500000
6.000000 89.000000
2.500000 110.000000
21.800000 65.000000
5.800000 23.300000
11.000000 30.000000
0.100000 61.400000
10.000000 25.000000
11.000000 25.000000
4.000000 20.000000
5.200000 29.000000
8.000000 32.000000
5.200000 14.500000
12.400000 10.000000
21.000000 13.000000
6.600000 14.500000
12.000000 11.000000
4.000000 68.000000
9.000000 3.750000
12.000000 20.000000
11.000000 30.000000
5.658000 8.000000
4.500000 74.000000
5.000000 63.000000
6.850000 7.000000
0.500700 48.499900
3.000000 16.400000
7.000000 14.000000
4.960000 99.900000
2.300000 5.600000
3.000000 105.000000
3.800000 19.000000
2.200000 389.900000
4.000000 15.000000
4.310000 23.500000
1.500000 59.900000
3.500000 20.000000
1.017100 35.000000
4.112300 46.500000
2.011800 190.000000
1.500000 100.000000
1.000000 280.000000
17.000000 47.000000
2.000000 41.500000
8.200000 50.000000
6.000000 15.000000
5.000000 9.500000
7.000000 40.000000
6.678200 11.499900
13.000000 7.500000
12.000000 50.000000
7.500000 19.500000
4.000000 15.500000
9.000000 6.500000
15.000000 6.500000
6.000000 19.000000
11.219800 20.000000
6.000000 16.000000
13.000000 15.000000
17.500000 53.000000
12.000000 75.000000
9.000000 22.500000
17.000000 60.000000
8.000000 40.999900
8.000000 40.999900
8.300000 11.000000
9.000000 86.500000
4.000000 22.500000
